5;287;1197;6
287;5;1198;6
302;454;1197;113
454;302;1198;113
302;138;1195;2
138;302;1196;2
302;475;1197;134
475;302;1198;134
302;136;1197;142
136;302;1198;142
302;97;1195;1
97;302;1196;1
302;579;1197;7
579;302;1198;7
302;529;1195;1
529;302;1196;1
302;565;1197;8
565;302;1198;8
302;584;1197;1
584;302;1198;1
302;564;1197;9
564;302;1198;9
302;305;1195;10
305;302;1196;10
302;351;1197;3
351;302;1198;3
302;593;1197;2
593;302;1198;2
302;582;1197;1
582;302;1198;1
302;562;1197;3
562;302;1198;3
302;442;1197;1
442;302;1198;1
302;535;1197;25
535;302;1198;25
302;323;1197;5
323;302;1198;5
302;573;1197;2
573;302;1198;2
302;466;1197;2
466;302;1198;2
302;572;1197;1
572;302;1198;1
302;540;1197;1
540;302;1198;1
302;566;1197;2
566;302;1198;2
302;476;1197;2
476;302;1198;2
302;169;1195;6
169;302;1196;6
302;580;1197;6
580;302;1198;6
302;481;1195;2
481;302;1196;2
302;406;1197;3
406;302;1198;3
302;561;1197;3
561;302;1198;3
302;539;1197;1
539;302;1198;1
302;465;1197;8
465;302;1198;8
302;571;1197;1
571;302;1198;1
302;463;1197;8
463;302;1198;8
302;574;1197;2
574;302;1198;2
302;585;1197;1
585;302;1198;1
302;581;1197;2
581;302;1198;2
302;587;1197;1
587;302;1198;1
302;453;1197;1
453;302;1198;1
302;318;1197;5
318;302;1198;5
302;569;1197;1
569;302;1198;1
302;583;1197;1
583;302;1198;1
302;97;1197;2
97;302;1198;2
302;570;1197;1
570;302;1198;1
302;455;1195;1
455;302;1196;1
302;479;1197;2
479;302;1198;2
302;467;1197;1
467;302;1198;1
302;586;1197;1
586;302;1198;1
302;527;1195;1
527;302;1196;1
302;567;1197;1
567;302;1198;1
302;443;1197;1
443;302;1198;1
302;568;1197;1
568;302;1198;1
302;302;1149;1
302;302;1150;1
302;302;1151;1
302;302;1152;1
306;97;1197;4
97;306;1198;4
306;478;1197;1
478;306;1198;1
306;192;1197;1
192;306;1198;1
306;462;1197;4
462;306;1198;4
306;481;1197;1
481;306;1198;1
306;449;1197;1
449;306;1198;1
306;280;1195;1
280;306;1196;1
306;97;1195;5
97;306;1196;5
306;197;1195;1
197;306;1196;1
306;257;1197;1
257;306;1198;1
306;477;1197;1
477;306;1198;1
306;463;1197;1
463;306;1198;1
306;136;1195;1
136;306;1196;1
306;307;1195;1
307;306;1196;1
306;235;1197;1
235;306;1198;1
306;257;1195;1
257;306;1196;1
312;314;1197;1
314;312;1198;1
312;307;1195;1
307;312;1196;1
330;347;1197;1
347;330;1198;1
330;141;1195;1
141;330;1196;1
330;409;1195;1
409;330;1196;1
330;145;1195;1
145;330;1196;1
487;203;1197;1
203;487;1198;1
487;485;1195;4
485;487;1196;4
487;486;1195;3
486;487;1196;3
487;220;1197;1
220;487;1198;1
487;517;1195;1
517;487;1196;1
487;483;1195;3
483;487;1196;3
487;483;1197;1
483;487;1198;1
487;156;1195;1
156;487;1196;1
487;484;1195;4
484;487;1196;4
487;517;1197;1
517;487;1198;1
487;156;1197;1
156;487;1198;1
487;486;1197;1
486;487;1198;1
487;203;1195;1
203;487;1196;1
487;485;1197;1
485;487;1198;1
487;220;1195;1
220;487;1196;1
487;484;1197;1
484;487;1198;1
530;528;1195;2
528;530;1196;2
530;479;1197;2
479;530;1198;2
530;527;1195;2
527;530;1196;2
530;97;1197;3
97;530;1198;3
530;457;1197;1
457;530;1198;1
530;456;1197;1
456;530;1198;1
530;528;1197;1
528;530;1198;1
530;527;1197;1
527;530;1198;1
530;529;1195;2
529;530;1196;2
530;529;1197;1
529;530;1198;1
530;530;1149;4
530;530;1150;4
533;532;1197;1
532;533;1198;1
533;532;1195;1
532;533;1196;1
533;3;1149;1
3;533;1150;1
679;302;1167;2
302;679;1168;2
679;796;1121;1
796;679;1122;1
679;302;1129;1
302;679;1130;1
679;302;1161;2
302;679;1162;2
679;302;1167;2
302;679;1168;2
679;796;1121;1
796;679;1122;1
679;302;1129;1
302;679;1130;1
679;302;1161;2
302;679;1162;2
681;302;1167;2
302;681;1168;2
681;789;1121;1
789;681;1122;1
681;302;1129;1
302;681;1130;1
681;302;1161;2
302;681;1162;2
681;302;1167;2
302;681;1168;2
681;789;1121;1
789;681;1122;1
681;302;1129;1
302;681;1130;1
681;302;1161;2
302;681;1162;2
683;796;1121;1
796;683;1122;1
683;786;1141;5
786;683;1142;5
683;302;1161;2
302;683;1162;2
683;302;1167;2
302;683;1168;2
683;796;1121;1
796;683;1122;1
683;786;1141;5
786;683;1142;5
683;302;1161;2
302;683;1162;2
683;302;1167;2
302;683;1168;2
685;789;1121;1
789;685;1122;1
685;786;1141;5
786;685;1142;5
685;302;1161;2
302;685;1162;2
685;302;1167;2
302;685;1168;2
685;789;1121;1
789;685;1122;1
685;786;1141;5
786;685;1142;5
685;302;1161;2
302;685;1162;2
685;302;1167;2
302;685;1168;2
715;794;1121;1
794;715;1122;1
716;792;1121;1
792;716;1122;1
717;795;1121;1
795;717;1122;1
718;791;1121;1
791;718;1122;1
724;302;1129;1
302;724;1130;1
724;797;1121;1
797;724;1122;1
724;302;1129;1
302;724;1130;1
724;797;1121;1
797;724;1122;1
727;787;1121;1
787;727;1122;1
727;530;1129;3
530;727;1130;3
727;302;1129;2
302;727;1130;2
727;787;1121;1
787;727;1122;1
727;530;1129;3
530;727;1130;3
727;302;1129;2
302;727;1130;2
775;790;1121;1
790;775;1122;1
776;790;1121;1
790;776;1122;1
775;790;1121;1
790;775;1122;1
776;790;1121;1
790;776;1122;1
780;5;1155;1
5;780;1156;1
781;5;1125;1
5;781;1126;1
782;5;1155;1
5;782;1156;1
783;5;1155;1
5;783;1156;1
785;788;1121;15
788;785;1122;15
785;776;1121;2
776;785;1122;2
785;784;1121;2
784;785;1122;2
785;781;1121;3
781;785;1122;3
785;783;1121;1
783;785;1122;1
785;782;1121;1
782;785;1122;1
785;780;1121;1
780;785;1122;1
785;775;1121;1
775;785;1122;1
