1;1;51;@__SUPERBLOCK__@;0;0;1
2;2;51;System Model;1;0;1
3;3;1;@__UNDEFINED__@;1;3;1
4;4;51;@__SYSTEM__@;1;0;1
6;6;53;D:;2;0;0
7;7;53;Klocwork Training;6;0;0
8;8;53;garage;7;0;0
9;9;53;src;8;0;0
11;11;53;includes;8;0;0
13;13;53;Programs;6;0;0
14;14;53;MinGW_get;13;0;0
15;15;53;include;14;0;0
303;303;53;mingw_get;13;0;0
304;304;53;include;303;0;0
488;488;53;lib;303;0;0
489;489;53;gcc;488;0;0
490;490;53;mingw32;489;0;0
491;491;53;6.3.0;490;0;0
492;492;53;include;491;0;0
531;531;53;sys;304;0;0
312;312;1;msvcrtver.h;304;312;1
330;330;1;sdkddkver.h;304;330;1
306;306;1;_mingw.h;304;306;1
29;29;1;<command line>;2;29;1
302;302;1;stdio.h;304;302;1
533;533;1;stdarg.h;492;533;1
786;786;1;<library>;304;786;0
10;10;1;optionGrabber.h;11;10;1
12;12;1;stdio.h#1;15;12;1
487;487;1;stddef.h;492;487;1
530;530;1;types.h;531;530;1
25;25;1;<predefined>;2;25;1
324;324;1;w32api.h;304;324;1
5;5;1;garage.c;9;5;1
540;540;29;STDOUT_FILENO;302;302;121
475;475;29;__MINGW_NOTHROW;306;306;366
40;40;29;__UINT8_MAX__;29;29;1
565;565;29;__Wformat_mingw_printf;302;302;305
430;430;29;IE6;324;324;112
476;476;29;__USE_MINGW_ANSI_STDIO;306;306;400
63;63;29;__DEC64_MAX_EXP__;29;29;1
89;89;29;__DEC32_MAX__;29;29;1
442;442;29;_BEGIN_C_DECLS;324;324;194
222;222;29;__SIZEOF_SHORT__;29;29;1
351;351;29;_WIN32_WINNT_VISTA;330;330;72
591;591;29;_THREE_DIGIT_EXPONENT;302;302;852
45;45;29;__WCHAR_MAX__;29;29;1
28;28;29;__TIMESTAMP__;25;25;1
88;88;29;__STDC_UTF_16__;29;29;1
388;388;29;NTDDI_WINXP;330;330;120
444;444;29;__CRT_GLOB_USE_MSVCRT__;306;306;109
482;482;29;_MINGW32_SOURCE_EXTENDED;306;306;542
68;68;29;__UINT_LEAST8_MAX__;29;29;1
393;393;29;NTDDI_WS03SP1;330;330;126
496;496;29;_SYS_SIZE_T_H;487;487;190
213;213;29;__INT64_TYPE__;29;29;1
133;133;29;__REGISTER_PREFIX__;29;29;1
378;378;29;__NTDDI_SP0;330;330;108
382;382;29;__NTDDI_SP4;330;330;112
573;573;29;__Wformat_snprintf;302;302;339
202;202;29;__UINT16_TYPE__;29;29;1
374;374;29;__NTDDI_WIN6;330;330;104
453;453;29;__MINGW_IMPORT;306;306;225
316;316;29;__MSVCR70_DLL;312;312;44
481;481;29;_ISOC99_SOURCE;306;306;501
512;512;29;_WCHAR_T;487;487;269
73;73;29;__LDBL_MAX_EXP__;29;29;1
469;469;29;__MINGW_ATTRIB_NORETURN;306;306;335
547;547;29;P_tmpdir;302;302;160
495;495;29;_SIZE_T;487;487;189
85;85;29;__LDBL_HAS_INFINITY__;29;29;1
566;566;29;__Wformat;302;302;311
440;440;29;__AW_ALIAS_EX__;324;324;179
360;360;29;_WIN32_IE_IE56;330;330;85
319;319;29;__MSVCR90_DLL;312;312;47
95;95;29;__has_include_next;29;29;1
75;75;29;__SCHAR_MAX__;29;29;1
206;206;29;__DEC64_MIN_EXP__;29;29;1
92;92;29;__SIZEOF_LONG__;29;29;1
223;223;29;__LDBL_MIN_EXP__;29;29;1
287;287;29;GARAGE_SIZE;29;29;1
352;352;29;_WIN32_WINNT_WS08;330;330;73
535;535;29;__VALIST;302;302;103
593;593;29;__USE_MINGW_PRINTF;302;302;907
443;443;29;_END_C_DECLS;324;324;195
592;592;29;_EXPONENT_DIGIT_MASK;302;302;857
265;265;29;__ATOMIC_SEQ_CST;29;29;1
130;130;29;__DECIMAL_BID_FORMAT__;29;29;1
168;168;29;__DEC32_SUBNORMAL_MIN__;29;29;1
123;123;29;__SIZEOF_SIZE_T__;29;29;1
338;338;29;WINNTVER;330;330;51
109;109;29;__INT_FAST16_TYPE__;29;29;1
248;248;29;__FLT_MAX__;29;29;1
322;322;29;__MSVCR120_DLL;312;312;50
462;462;29;__MINGW_GNUC_PREREQ;306;306;283
191;191;29;__INT_LEAST8_TYPE__;29;29;1
241;241;29;__INTMAX_MAX__;29;29;1
494;494;29;__SIZE_T__;487;487;188
583;583;29;__Wformat_ms_fprintf;302;302;472
365;365;29;_WIN32_IE_IE80;330;330;90
51;51;29;__GCC_ATOMIC_CHAR_LOCK_FREE;29;29;1
308;308;29;__MINGW32_VERSION;306;306;49
369;369;29;_WIN32_IE_IE40;330;330;95
116;116;29;__DBL_MAX_EXP__;29;29;1
126;126;29;__GXX_ABI_VERSION;29;29;1
184;184;29;__DEC64_MANT_DIG__;29;29;1
296;296;29;_Decimal128;29;29;1
359;359;29;_WIN32_IE_IE55;330;330;84
187;187;29;__SEG_GS;29;29;1
581;581;29;__Wformat;302;302;469
404;404;29;NTDDI_WIN8;330;330;143
216;216;29;__SIZEOF_FLOAT128__;29;29;1
180;180;29;__CHAR16_TYPE__;29;29;1
343;343;29;_WIN32_WINNT_NT4SP3;330;330;64
211;211;29;__INT_MAX__;29;29;1
105;105;29;__WINNT;29;29;1
234;234;29;__fastcall;29;29;1
173;173;29;__FLT_HAS_QUIET_NAN__;29;29;1
293;293;29;__float128;29;29;1
39;39;29;__CHAR_BIT__;29;29;1
410;410;29;_M_IX86_FP;330;330;262
247;247;29;__CHAR32_TYPE__;29;29;1
466;466;29;__JMPSTUB__;306;306;321
318;318;29;__MSVCR80_DLL;312;312;46
456;456;29;__int64;306;306;254
278;278;29;__ATOMIC_ACQ_REL;29;29;1
420;420;29;IE301;324;324;102
117;117;29;__DEC128_EPSILON__;29;29;1
301;301;29;va_end;29;29;1
386;386;29;NTDDI_WIN2KSP3;330;330;117
460;460;29;__small;306;306;266
529;529;29;__need___off64_t;302;302;83
119;119;29;__WIN32__;29;29;1
534;534;29;__GNUC_VA_LIST;533;533;39
250;250;29;__SIZEOF_DOUBLE__;29;29;1
342;342;29;_WIN32_WINNT_NT4E;330;330;63
528;528;29;__need_ssize_t;302;302;76
125;125;29;__GCC_HAVE_DWARF2_CFI_ASM;29;29;1
523;523;29;_GCC_WCHAR_T;487;487;280
527;527;29;__need_off_t;302;302;75
286;286;29;_Noreturn;29;29;1
349;349;29;_WIN32_WINNT_WS03;330;330;70
408;408;29;NTDDI_VERSION;330;330;201
461;461;29;__hyper;306;306;269
510;510;29;__wchar_t__;487;487;267
67;67;29;__LDBL_MAX__;29;29;1
445;445;29;__CRT_GLOB_USE_MINGW__;306;306;114
141;141;29;__i586__;29;29;1
391;391;29;NTDDI_WINXPSP3;330;330;123
174;174;29;__FLT_MAX_10_EXP__;29;29;1
279;279;29;__ATOMIC_RELEASE;29;29;1
389;389;29;NTDDI_WINXPSP1;330;330;121
148;148;29;__DEC64_EPSILON__;29;29;1
190;190;29;__INT16_TYPE__;29;29;1
112;112;29;__DEC128_MAX__;29;29;1
507;507;29;_GCC_SIZE_T;487;487;201
438;438;29;__AW_STRING_W__;324;324;171
502;502;29;_SIZE_T_DEFINED_;487;487;196
50;50;29;__GCC_HAVE_SYNC_COMPARE_AND_SWAP_8;29;29;1
458;458;29;__int16;306;306;260
477;477;29;__paste;306;306;411
96;96;29;__LDBL_HAS_QUIET_NAN__;29;29;1
524;524;29;_WCHAR_T_DECLARED;487;487;281
106;106;29;__DBL_HAS_INFINITY__;29;29;1
122;122;29;__LONG_LONG_MAX__;29;29;1
553;553;29;_IOMYBUF;302;302;175
199;199;29;__DBL_HAS_QUIET_NAN__;29;29;1
370;370;29;_WIN32_IE_IE401;330;330;96
32;32;29;__ATOMIC_ACQUIRE;29;29;1
361;361;29;_WIN32_IE_IE60;330;330;86
188;188;29;__GCC_ATOMIC_LONG_LOCK_FREE;29;29;1
472;472;29;__MINGW_ATTRIB_PURE;306;306;344
90;90;29;__MINGW32__;29;29;1
259;259;29;__DEC32_MANT_DIG__;29;29;1
64;64;29;__INT8_C;29;29;1
588;588;29;feof;302;302;804
42;42;29;__WINT_MAX__;29;29;1
131;131;29;__GXX_TYPEINFO_EQUALITY_INLINE;29;29;1
274;274;29;__FLT_DECIMAL_DIG__;29;29;1
282;282;29;_Alignas;29;29;1
134;134;29;__UINT16_MAX__;29;29;1
264;264;29;__PTRDIFF_TYPE__;29;29;1
271;271;29;__SIZEOF_LONG_LONG__;29;29;1
385;385;29;NTDDI_WIN2KSP2;330;330;116
258;258;29;__UINTMAX_MAX__;29;29;1
277;277;29;__UINT_FAST8_TYPE__;29;29;1
449;449;29;__MINGW_ANSI_STDIO__;306;306;167
289;289;29;__builtin_va_start;29;29;1
539;539;29;STDIN_FILENO;302;302;120
239;239;29;__ORDER_BIG_ENDIAN__;29;29;1
574;574;29;__Wformat_vsnprintf;302;302;340
47;47;29;__GCC_HAVE_SYNC_COMPARE_AND_SWAP_2;29;29;1
228;228;29;__thiscall;29;29;1
486;486;29;__need_wint_t;302;302;68
562;562;29;stdout;302;302;244
356;356;29;_WIN32_WINNT_WINBLUE;330;330;77
263;263;29;__STDC__;29;29;1
31;31;29;__UINT_LEAST16_MAX__;29;29;1
129;129;29;__DBL_MIN__;29;29;1
427;427;29;IE501;324;324;109
201;201;29;__INTPTR_TYPE__;29;29;1
441;441;29;_EXTERN_C;324;324;193
518;518;29;_WCHAR_T_DEFINED_;487;487;275
589;589;29;ferror;302;302;805
69;69;29;__GCC_ATOMIC_BOOL_LOCK_FREE;29;29;1
158;158;29;__INT8_TYPE__;29;29;1
333;333;29;SPVERSION_MASK;330;330;42
242;242;29;__BYTE_ORDER__;29;29;1
509;509;29;__size_t;487;487;210
260;260;29;__DBL_MAX_10_EXP__;29;29;1
27;27;29;__TIME__;25;25;1
396;396;29;NTDDI_VISTASP1;330;330;130
397;397;29;NTDDI_VISTASP2;330;330;131
570;570;29;__Wformat_vprintf;302;302;332
532;532;29;__need___va_list;302;302;101
59;59;29;__GNUC_PATCHLEVEL__;29;29;1
384;384;29;NTDDI_WIN2KSP1;330;330;115
149;149;29;__ORDER_PDP_ENDIAN__;29;29;1
341;341;29;_WIN32_WINNT_NT4;330;330;62
455;455;29;__DECLSPEC_SUPPORTED;306;306;234
46;46;29;__GCC_HAVE_SYNC_COMPARE_AND_SWAP_1;29;29;1
176;176;29;__DEC128_SUBNORMAL_MIN__;29;29;1
390;390;29;NTDDI_WINXPSP2;330;330;122
432;432;29;IE602;324;324;114
383;383;29;NTDDI_WIN2K;330;330;114
501;501;29;_BSD_SIZE_T_;487;487;195
344;344;29;_WIN32_WINDOWS_95;330;330;65
428;428;29;IE55;324;324;110
506;506;29;___int_size_t_h;487;487;200
364;364;29;_WIN32_IE_IE70;330;330;89
407;407;29;WINVER;330;330;190
505;505;29;_SIZE_T_DECLARED;487;487;199
169;169;29;__MSVCRT__;29;29;1
238;238;29;__DEC_EVAL_METHOD__;29;29;1
175;175;29;__LONG_MAX__;29;29;1
113;113;29;__INT_LEAST32_MAX__;29;29;1
178;178;29;__UINT_FAST16_TYPE__;29;29;1
37;37;29;_WIN32;29;29;1
103;103;29;_thiscall;29;29;1
419;419;29;IE3;324;324;101
586;586;29;__Wformat_ms_vfprintf;302;302;475
121;121;29;__ATOMIC_HLE_ACQUIRE;29;29;1
578;578;29;_ENABLE_MSVC_PRINTF_QUIRKS;302;302;358
484;484;29;__need_size_t;302;302;66
237;237;29;__STDC_UTF_32__;29;29;1
517;517;29;_BSD_WCHAR_T_;487;487;274
153;153;29;__UINT_LEAST16_TYPE__;29;29;1
526;526;29;NULL;487;487;406
317;317;29;__MSVCR71_DLL;312;312;45
572;572;29;__Wformat_vsprintf;302;302;334
459;459;29;__int8;306;306;263
127;127;29;__FLT_MIN_EXP__;29;29;1
275;275;29;__UINT_FAST16_MAX__;29;29;1
337;337;29;SUBVER;330;330;50
372;372;29;__NTDDI_WIN51;330;330;102
137;137;29;__UINT8_TYPE__;29;29;1
575;575;29;_MSVC_PRINTF_QUIRKS;302;302;355
522;522;29;__INT_WCHAR_T_H;487;487;279
195;195;29;__INTPTR_MAX__;29;29;1
434;434;29;__AW_SUFFIXED__;324;324;154
186;186;29;__UINT_LEAST32_MAX__;29;29;1
542;542;29;EOF;302;302;126
65;65;29;__UINT_LEAST64_MAX__;29;29;1
326;326;29;__W32API_VERSION;324;324;51
49;49;29;__DBL_DENORM_MIN__;29;29;1
401;401;29;NTDDI_WIN6SP2;330;330;137
454;454;29;_CRTIMP;306;306;231
423;423;29;IE401;324;324;105
171;171;29;__UINT_FAST32_MAX__;29;29;1
249;249;29;__INT32_TYPE__;29;29;1
590;590;29;_TWO_DIGIT_EXPONENT;302;302;845
309;309;29;__MINGW32_MAJOR_VERSION;306;306;50
357;357;29;_WIN32_IE_IE50;330;330;82
580;580;29;__Wformat_msvcrt_printf;302;302;468
307;307;29;__MINGW_H;306;306;34
576;576;29;_QUERY_MSVC_PRINTF_QUIRKS;302;302;356
294;294;29;_Decimal32;29;29;1
78;78;29;__DBL_DIG__;29;29;1
559;559;29;SEEK_CUR;302;302;193
214;214;29;__FLT_MAX_EXP__;29;29;1
288;288;29;__builtin_va_arg;29;29;1
467;467;29;__LIBIMPL__;306;306;322
395;395;29;NTDDI_VISTA;330;330;129
446;446;29;__CRT_GLOB_USE_SINGLE_QUOTE__;306;306;151
569;569;29;__Wformat_sprintf;302;302;331
181;181;29;__PRAGMA_REDEFINE_EXTNAME;29;29;1
406;406;29;_WIN32_WINNT;330;330;185
224;224;29;__INT_LEAST8_MAX__;29;29;1
376;376;29;__NTDDI_WIN62;330;330;106
232;232;29;__UINT64_TYPE__;29;29;1
229;229;29;__UINT8_C;29;29;1
474;474;29;__MINGW_ATTRIB_DEPRECATED;306;306;360
550;550;29;_IOFBF;302;302;171
189;189;29;__INT_LEAST64_TYPE__;29;29;1
399;399;29;NTDDI_WIN6;330;330;135
564;564;29;__mingw_stdio_redirect__;302;302;304
157;157;29;__UINT64_MAX__;29;29;1
464;464;29;_CRTALIAS;306;306;306
558;558;29;SEEK_SET;302;302;192
353;353;29;_WIN32_WINNT_LONGHORN;330;330;74
215;215;29;__DBL_MANT_DIG__;29;29;1
164;164;29;__SIG_ATOMIC_MAX__;29;29;1
273;273;29;__LDBL_DIG__;29;29;1
162;162;29;__LDBL_EPSILON__;29;29;1
394;394;29;NTDDI_WS03SP2;330;330;127
285;285;29;_Sat;29;29;1
60;60;29;__UINT_FAST8_MAX__;29;29;1
81;81;29;__SIZEOF_POINTER__;29;29;1
251;251;29;__FLT_MIN_10_EXP__;29;29;1
290;290;29;__builtin_va_copy;29;29;1
331;331;29;_SDKDDKVER_H;330;330;34
336;336;29;SPVER;330;330;49
373;373;29;__NTDDI_WIN52;330;330;103
380;380;29;__NTDDI_SP2;330;330;110
43;43;29;__ORDER_LITTLE_ENDIAN__;29;29;1
185;185;29;__INT64_MAX__;29;29;1
196;196;29;__GXX_MERGED_TYPEINFO_NAMES;29;29;1
450;450;29;__MINGW_LC_EXTENSIONS__;306;306;172
276;276;29;__GCC_ATOMIC_SHORT_LOCK_FREE;29;29;1
551;551;29;_IOLBF;302;302;172
145;145;29;_X86_;29;29;1
511;511;29;__WCHAR_T__;487;487;268
552;552;29;_IONBF;302;302;173
367;367;29;_WIN32_IE_IE301;330;330;93
516;516;29;_WCHAR_T_;487;487;273
556;556;29;_IOSTRG;302;302;178
350;350;29;_WIN32_WINNT_WIN6;330;330;71
557;557;29;BUFSIZ;302;302;186
429;429;29;IE56;324;324;111
375;375;29;__NTDDI_WIN61;330;330;105
226;226;29;__ATOMIC_RELAXED;29;29;1
300;300;29;va_copy;29;29;1
160;160;29;__FLT_RADIX__;29;29;1
431;431;29;IE601;324;324;113
297;297;29;__KLOCWORK__;29;29;1
582;582;29;__Wformat_ms_printf;302;302;471
230;230;29;__INT_LEAST32_TYPE__;29;29;1
240;240;29;__UINT32_C;29;29;1
56;56;29;__SIG_ATOMIC_TYPE__;29;29;1
257;257;29;__GNUC_MINOR__;29;29;1
291;291;29;__builtin_va_end;29;29;1
321;321;29;__MSVCR110_DLL;312;312;49
120;120;29;__PTRDIFF_MAX__;29;29;1
560;560;29;SEEK_END;302;302;194
155;155;29;__i386__;29;29;1
499;499;29;__SIZE_T;487;487;193
305;305;29;_STDIO_H;302;302;51
314;314;29;__MSVCR60_DLL;312;312;42
72;72;29;__UINT32_MAX__;29;29;1
254;254;29;_INTEGRAL_MAX_BITS;29;29;1
426;426;29;IE5b;324;324;108
451;451;29;__MINGW_LC_MESSAGES__;306;306;173
413;413;29;WindowsME;324;324;81
97;97;29;__GNUC__;29;29;1
514;514;29;_T_WCHAR;487;487;271
94;94;29;__DECIMAL_DIG__;29;29;1
165;165;29;__GCC_ATOMIC_WCHAR_T_LOCK_FREE;29;29;1
139;139;29;__i386;29;29;1
433;433;29;IE7;324;324;115
236;236;29;__DBL_DECIMAL_DIG__;29;29;1
55;55;29;__UINT_FAST64_MAX__;29;29;1
346;346;29;_WIN32_WINDOWS_ME;330;330;67
156;156;29;__SIZE_TYPE__;29;29;1
193;193;29;__DEC32_MAX_EXP__;29;29;1
98;98;29;_cdecl;29;29;1
70;70;29;__UINTMAX_TYPE__;29;29;1
256;256;29;__ATOMIC_CONSUME;29;29;1
485;485;29;__need_wchar_t;302;302;67
197;197;29;__stdcall;29;29;1
212;212;29;WIN32;29;29;1
452;452;29;__MINGW_LC_ENVVARS__;306;306;174
79;79;29;__GCC_ATOMIC_POINTER_LOCK_FREE;29;29;1
138;138;29;__NO_INLINE__;29;29;1
538;538;29;_IORW;302;302;115
541;541;29;STDERR_FILENO;302;302;122
468;468;29;__UNUSED_PARAM;306;306;328
508;508;29;_SIZET_;487;487;202
124;124;29;__SIZEOF_WINT_T__;29;29;1
402;402;29;NTDDI_WS08;330;330;139
152;152;29;__INT_FAST32_TYPE__;29;29;1
36;36;29;__SIZEOF_FLOAT80__;29;29;1
221;221;29;__UINT_LEAST32_TYPE__;29;29;1
325;325;29;_W32API_H;324;324;34
567;567;29;__Wformat_printf;302;302;329
66;66;29;__SHRT_MAX__;29;29;1
409;409;29;_M_IX86;330;330;220
571;571;29;__Wformat_vfprintf;302;302;333
354;354;29;_WIN32_WINNT_WIN7;330;330;75
549;549;29;L_tmpnam;302;302;169
114;114;29;__DEC32_MIN__;29;29;1
363;363;29;_WIN32_IE_IE60SP2;330;330;88
154;154;29;__INT16_MAX__;29;29;1
208;208;29;__GCC_ATOMIC_TEST_AND_SET_TRUEVAL;29;29;1
163;163;29;__UINTMAX_C;29;29;1
377;377;29;__NTDDI_WIN63;330;330;107
35;35;29;__UINT_LEAST8_TYPE__;29;29;1
435;435;29;__AW_EXTENDED__;324;324;160
421;421;29;IE302;324;324;103
483;483;29;__need_NULL;302;302;65
231;231;29;__SIZEOF_WCHAR_T__;29;29;1
387;387;29;NTDDI_WIN2KSP4;330;330;118
554;554;29;_IOEOF;302;302;176
71;71;29;__DEC32_EPSILON__;29;29;1
345;345;29;_WIN32_WINDOWS_98;330;330;66
371;371;29;__NTDDI_WIN5;330;330;101
403;403;29;NTDDI_WIN7;330;330;141
548;548;29;_wP_tmpdir;302;302;162
284;284;29;_Accum;29;29;1
53;53;29;__FLT_EVAL_METHOD__;29;29;1
207;207;29;__INT_FAST64_MAX__;29;29;1
83;83;29;__STDC_HOSTED__;29;29;1
252;252;29;__INTMAX_TYPE__;29;29;1
182;182;29;__SEG_FS;29;29;1
172;172;29;__UINT_LEAST64_TYPE__;29;29;1
299;299;29;va_start;29;29;1
545;545;29;TMP_MAX;302;302;151
33;33;29;__FLT_MIN__;29;29;1
335;335;29;OSVER;330;330;48
111;111;29;__LDBL_HAS_DENORM__;29;29;1
244;244;29;__FLT_DENORM_MIN__;29;29;1
348;348;29;_WIN32_WINNT_WINXP;330;330;69
99;99;29;__FLT_HAS_DENORM__;29;29;1
424;424;29;IE5;324;324;106
479;479;29;_POSIX_C_SOURCE;306;306;462
58;58;29;__FINITE_MATH_ONLY__;29;29;1
136;136;29;__cdecl;29;29;1
76;76;29;__WCHAR_MIN__;29;29;1
568;568;29;__Wformat_fprintf;302;302;330
100;100;29;__SIZEOF_LONG_DOUBLE__;29;29;1
227;227;29;__DBL_EPSILON__;29;29;1
283;283;29;_Fract;29;29;1
463;463;29;__CRT_INLINE;306;306;294
135;135;29;__DBL_HAS_DENORM__;29;29;1
147;147;29;__INT32_C;29;29;1
436;436;29;__AW_STRING_A__;324;324;169
405;405;29;NTDDI_WINBLUE;330;330;145
118;118;29;__ATOMIC_HLE_RELEASE;29;29;1
101;101;29;__BIGGEST_ALIGNMENT__;29;29;1
80;80;29;__SIZEOF_INT__;29;29;1
220;220;29;__WINT_TYPE__;29;29;1
473;473;29;__MINGW_ATTRIB_NONNULL;306;306;354
339;339;29;NTDDI_VERSION_FROM_WIN32_WINNT;330;330;55
30;30;29;__DBL_MIN_EXP__;29;29;1
544;544;29;FOPEN_MAX;302;302;147
584;584;29;__Wformat_ms_sprintf;302;302;473
366;366;29;_WIN32_IE_IE30;330;330;92
520;520;29;_WCHAR_T_H;487;487;277
281;281;29;_Atomic;29;29;1
110;110;29;_fastcall;29;29;1
497;497;29;_T_SIZE_;487;487;191
253;253;29;i386;29;29;1
358;358;29;_WIN32_IE_IE501;330;330;83
104;104;29;__INT_FAST32_MAX__;29;29;1
347;347;29;_WIN32_WINNT_WIN2K;330;330;68
41;41;29;__i586;29;29;1
280;280;29;__declspec;29;29;1
500;500;29;_SIZE_T_;487;487;194
269;269;29;__DEC128_MANT_DIG__;29;29;1
177;177;29;__FLT_HAS_INFINITY__;29;29;1
217;217;29;__INT_LEAST64_MAX__;29;29;1
504;504;29;_BSD_SIZE_T_DEFINED_;487;487;198
355;355;29;_WIN32_WINNT_WIN8;330;330;76
61;61;29;__has_include;29;29;1
415;415;29;Windows2000;324;324;90
536;536;29;_IOREAD;302;302;113
144;144;29;__GCC_ATOMIC_INT_LOCK_FREE;29;29;1
183;183;29;__INT_LEAST16_MAX__;29;29;1
594;594;29;_fileno;302;302;924
115;115;29;__pentium;29;29;1
498;498;29;_T_SIZE;487;487;192
555;555;29;_IOERR;302;302;177
108;108;29;__DEC32_MIN_EXP__;29;29;1
437;437;29;__AW__WCHAR_T__;324;324;170
595;595;29;fileno;302;302;926
262;262;29;__INT16_C;29;29;1
82;82;29;__USER_LABEL_PREFIX__;29;29;1
200;200;29;__SIG_ATOMIC_MIN__;29;29;1
255;255;29;__DEC128_MAX_EXP__;29;29;1
585;585;29;__Wformat_ms_vprintf;302;302;474
311;311;29;__MINGW32_PATCHLEVEL;306;306;52
417;417;29;Windows2003;324;324;92
546;546;29;_P_tmpdir;302;302;158
243;243;29;WINNT;29;29;1
292;292;29;__float80;29;29;1
107;107;29;__WINNT__;29;29;1
272;272;29;__GCC_ATOMIC_LLONG_LOCK_FREE;29;29;1
170;170;29;__INT_FAST16_MAX__;29;29;1
266;266;29;__UINT32_TYPE__;29;29;1
329;329;29;__W32API_PATCHLEVEL;324;324;54
194;194;29;__INT_FAST8_MAX__;29;29;1
132;132;29;__DEC128_MIN__;29;29;1
414;414;29;WindowsNT4;324;324;89
470;470;29;__MINGW_ATTRIB_CONST;306;306;336
457;457;29;__int32;306;306;257
142;142;29;__VERSION__;29;29;1
26;26;29;__DATE__;25;25;1
140;140;29;__FLT_MANT_DIG__;29;29;1
400;400;29;NTDDI_WIN6SP1;330;330;136
465;465;29;__CRT_ALIAS;306;306;307
209;209;29;__FLT_DIG__;29;29;1
161;161;29;__INT_LEAST16_TYPE__;29;29;1
310;310;29;__MINGW32_MINOR_VERSION;306;306;51
340;340;29;_NTDDI_VERSION_FROM_WIN32_WINNT;330;330;56
320;320;29;__MSVCR100_DLL;312;312;48
295;295;29;_Decimal64;29;29;1
521;521;29;___int_wchar_t_h;487;487;278
268;268;29;__DEC64_SUBNORMAL_MIN__;29;29;1
418;418;29;WindowsVista;324;324;93
179;179;29;__DEC64_MAX__;29;29;1
519;519;29;_WCHAR_T_DEFINED;487;487;276
411;411;29;Windows95;324;324;79
52;52;29;__GCC_IEC_559;29;29;1
439;439;29;__AW_ALIAS__;324;324;178
146;146;29;__FLOAT_WORD_ORDER__;29;29;1
91;91;29;__INT32_MAX__;29;29;1
192;192;29;__STDC_VERSION__;29;29;1
328;328;29;__W32API_MINOR_VERSION;324;324;53
235;235;29;__GNUC_STDC_INLINE__;29;29;1
579;579;29;__mingw_stdio_redirect__;302;302;467
379;379;29;__NTDDI_SP1;330;330;109
34;34;29;__GCC_IEC_559_COMPLEX;29;29;1
204;204;29;__SIZEOF_FLOAT__;29;29;1
422;422;29;IE4;324;324;104
332;332;29;OSVERSION_MASK;330;330;41
448;448;29;__CRT_GLOB_ESCAPE_CHAR__;306;306;161
84;84;29;__WIN32;29;29;1
246;246;29;__UINT_FAST32_TYPE__;29;29;1
381;381;29;__NTDDI_SP3;330;330;111
416;416;29;WindowsXP;324;324;91
210;210;29;__UINT_FAST64_TYPE__;29;29;1
225;225;29;__LDBL_MAX_10_EXP__;29;29;1
587;587;29;__Wformat_ms_vsprintf;302;302;476
543;543;29;FILENAME_MAX;302;302;141
151;151;29;__code_model_32__;29;29;1
159;159;29;__GCC_ASM_FLAG_OUTPUTS__;29;29;1
447;447;29;__CRT_GLOB_BRACKET_GROUPS__;306;306;152
323;323;29;__MSVCRT_VERSION__;312;312;68
48;48;29;__GCC_HAVE_SYNC_COMPARE_AND_SWAP_4;29;29;1
493;493;29;__size_t__;487;487;187
86;86;29;__FLT_EPSILON__;29;29;1
38;38;29;__INTMAX_C;29;29;1
102;102;29;__DBL_MAX__;29;29;1
203;203;29;__WCHAR_TYPE__;29;29;1
563;563;29;stderr;302;302;245
74;74;29;__WINT_MIN__;29;29;1
513;513;29;_T_WCHAR_;487;487;270
561;561;29;stdin;302;302;243
143;143;29;__UINT64_C;29;29;1
128;128;29;__INT_FAST64_TYPE__;29;29;1
471;471;29;__MINGW_ATTRIB_MALLOC;306;306;343
270;270;29;__LDBL_MIN_10_EXP__;29;29;1
93;93;29;__UINT16_C;29;29;1
219;219;29;__DEC64_MIN__;29;29;1
298;298;29;va_arg;29;29;1
425;425;29;IE5a;324;324;107
198;198;29;__LDBL_MANT_DIG__;29;29;1
525;525;29;_WINT_T;487;487;352
515;515;29;__WCHAR_T;487;487;272
398;398;29;NTDDI_LONGHORN;330;330;133
54;54;29;__GCC_ATOMIC_CHAR32_T_LOCK_FREE;29;29;1
327;327;29;__W32API_MAJOR_VERSION;324;324;52
166;166;29;__SIZEOF_PTRDIFF_T__;29;29;1
167;167;29;__pentium__;29;29;1
233;233;29;__INT_FAST8_TYPE__;29;29;1
334;334;29;SUBVERSION_MASK;330;330;43
77;77;29;__INT64_C;29;29;1
392;392;29;NTDDI_WS03;330;330;125
368;368;29;_WIN32_IE_IE302;330;330;94
478;478;29;__valueless;306;306;412
412;412;29;Windows98;324;324;80
87;87;29;__LDBL_MIN__;29;29;1
62;62;29;_stdcall;29;29;1
57;57;29;__DBL_MIN_10_EXP__;29;29;1
218;218;29;__GCC_ATOMIC_CHAR16_T_LOCK_FREE;29;29;1
245;245;29;__INT8_MAX__;29;29;1
313;313;29;_MSVCRTVER_H;312;312;34
480;480;29;_EMULATE_GLIBC;306;306;469
503;503;29;_SIZE_T_DEFINED;487;487;197
577;577;29;_DISABLE_MSVC_PRINTF_QUIRKS;302;302;357
150;150;29;__DEC128_MIN_EXP__;29;29;1
362;362;29;_WIN32_IE_IE60SP1;330;330;87
261;261;29;__LDBL_DENORM_MIN__;29;29;1
44;44;29;__SIZE_MAX__;29;29;1
267;267;29;__UINTPTR_TYPE__;29;29;1
205;205;29;__UINTPTR_MAX__;29;29;1
537;537;29;_IOWRT;302;302;114
315;315;29;__MSVCR61_DLL;312;312;43
658;658;505;_vscprintf;302;302;492
632;632;505;unlink;302;302;291
694;694;505;feof;302;302;797
692;692;505;fgetpos;302;302;792
787;787;5;fgetpos;786;786;0
693;693;505;fsetpos;302;302;793
726;726;505;ftello64;302;302;942
727;727;5;ftello64;302;302;944
608;608;2;FILE;302;302;220
645;645;505;printf;302;302;454
788;788;5;printf;786;786;0
705;705;505;_fdopen;302;302;829
674;674;505;puts;302;302;677
633;633;505;setvbuf;302;302;295
781;781;5;isInUse;5;5;19
784;784;5;selectedCarInRange;5;5;36
785;785;5;main;5;5;45
701;701;505;pclose;302;302;821
677;677;505;_flsbuf;302;302;688
789;789;5;_flsbuf;786;786;0
737;737;505;swscanf;302;302;967
741;741;505;swprintf;302;302;975
623;623;505;remove;302;302;270
607;607;2;__builtin_va_list;3;3;0
597;597;2;wchar_t;487;487;328
742;742;505;vswprintf;302;302;976
653;653;505;__msvcrt_vfprintf;302;302;481
756;756;505;_wtempnam;302;302;995
609;609;2;_iobuf;302;302;210
617;617;47;_tmpfname;609;302;219
611;611;47;_cnt;609;302;213
614;614;47;_file;609;302;216
615;615;47;_charbuf;609;302;217
612;612;47;_base;609;302;214
616;616;47;_bufsiz;609;302;218
610;610;47;_ptr;609;302;212
613;613;47;_flag;609;302;215
640;640;505;__mingw_vprintf;302;302;347
729;729;505;wprintf;302;302;959
731;731;505;vwprintf;302;302;961
765;765;505;vswscanf;302;302;1020
684;684;505;putchar;302;302;716
685;685;5;putchar;302;302;717
631;631;505;rmtmp;302;302;290
630;630;505;tempnam;302;302;289
664;664;505;getdelim;302;302;647
725;725;505;fseeko64;302;302;935
740;740;505;ungetwc;302;302;970
644;644;505;fprintf;302;302;453
772;772;505;fputwchar;302;302;1041
747;747;505;putwc;302;302;984
751;751;505;_wfdopen;302;302;990
622;622;505;fclose;302;302;263
761;761;505;snwprintf;302;302;1006
635;635;505;__mingw_fprintf;302;302;342
634;634;505;setbuf;302;302;296
707;707;505;_fcloseall;302;302;831
602;602;2;__off64_t;530;530;91
750;750;505;_putws;302;302;989
762;762;505;vsnwprintf;302;302;1007
764;764;505;vfwscanf;302;302;1018
636;636;505;__mingw_printf;302;302;343
766;766;505;wpopen;302;302;1027
655;655;505;__msvcrt_vsprintf;302;302;483
646;646;505;sprintf;302;302;455
743;743;505;fgetws;302;302;980
665;665;505;getline;302;302;650
680;680;505;putc;302;302;700
681;681;5;putc;302;302;701
667;667;505;scanf;302;302;667
790;790;5;scanf;786;786;0
649;649;505;vsprintf;302;302;458
708;708;505;_fsopen;302;302;832
654;654;505;__msvcrt_vprintf;302;302;482
639;639;505;__mingw_vfprintf;302;302;346
753;753;505;_wfreopen;302;302;992
758;758;505;_wremove;302;302;997
763;763;505;vwscanf;302;302;1016
768;768;505;_fputwchar;302;302;1033
641;641;505;__mingw_vsprintf;302;302;348
627;627;505;_tempnam;302;302;276
605;605;2;ssize_t;530;530;123
620;620;505;freopen;302;302;261
714;714;505;__mingw_set_printf_count_output;302;302;869
791;791;5;__mingw_set_printf_count_output;786;786;0
722;722;505;fileno;302;302;921
699;699;505;_pclose;302;302;817
754;754;505;_wfsopen;302;302;993
779;779;505;getCar;5;5;9
776;776;5;getCar;10;10;7
760;760;505;_wpopen;302;302;999
780;780;5;initGarage;5;5;11
596;596;2;size_t;487;487;216
712;712;505;__mingw_set_output_format;302;302;860
792;792;5;__mingw_set_output_format;786;786;0
647;647;505;vfprintf;302;302;456
642;642;505;__mingw_vsnprintf;302;302;349
744;744;505;fputws;302;302;981
702;702;505;_flushall;302;302;826
604;604;2;_ssize_t;530;530;115
770;770;505;_putw;302;302;1035
669;669;505;fgetc;302;302;672
643;643;505;_mingw_output_format_control;302;302;376
629;629;505;_unlink;302;302;278
771;771;505;fgetwchar;302;302;1040
660;660;505;vsnprintf;302;302;505
709;709;505;_getmaxstdio;302;302;834
652;652;505;__msvcrt_sprintf;302;302;480
700;700;505;popen;302;302;820
648;648;505;vprintf;302;302;457
733;733;505;_vscwprintf;302;302;963
728;728;505;fwprintf;302;302;958
723;723;505;fopen64;302;302;930
724;724;5;fopen64;302;302;932
675;675;505;ungetc;302;302;678
689;689;505;ftell;302;302;740
769;769;505;_getw;302;302;1034
659;659;505;snprintf;302;302;502
601;601;2;off_t;530;530;75
624;624;505;rename;302;302;271
663;663;505;vsscanf;302;302;514
715;715;5;_get_output_format;302;302;885
721;721;505;fdopen;302;302;920
678;678;505;getc;302;302;692
679;679;5;getc;302;302;693
637;637;505;__mingw_sprintf;302;302;344
621;621;505;fflush;302;302;262
773;773;505;getw;302;302;1042
606;606;2;__gnuc_va_list;533;533;40
745;745;505;getwc;302;302;982
746;746;505;getwchar;302;302;983
730;730;505;vfwprintf;302;302;960
774;774;505;putw;302;302;1043
778;778;505;getOption;5;5;8
775;775;5;getOption;10;10;3
755;755;505;_wtmpnam;302;302;994
661;661;505;vscanf;302;302;508
618;618;503;_iob;302;302;239
793;793;3;_iob;786;786;0
703;703;505;_fgetchar;302;302;827
698;698;505;_popen;302;302;816
711;711;505;__mingw_get_output_format;302;302;859
794;794;5;__mingw_get_output_format;786;786;0
687;687;505;fwrite;302;302;735
735;735;505;fwscanf;302;302;965
713;713;505;__mingw_get_printf_count_output;302;302;868
795;795;5;__mingw_get_printf_count_output;786;786;0
777;777;3;car;5;5;6
599;599;2;__off32_t;530;530;62
759;759;505;_wperror;302;302;998
767;767;505;_fgetwchar;302;302;1032
628;628;505;_rmtmp;302;302;277
598;598;2;wint_t;487;487;357
752;752;505;_wfopen;302;302;991
719;719;505;fgetchar;302;302;918
748;748;505;putwchar;302;302;985
695;695;505;ferror;302;302;798
600;600;2;_off_t;530;530;67
720;720;505;fputchar;302;302;919
672;672;505;fputs;302;302;675
668;668;505;sscanf;302;302;668
717;717;5;_get_printf_count_output;302;302;910
625;625;505;tmpfile;302;302;272
662;662;505;vfscanf;302;302;511
697;697;505;perror;302;302;809
657;657;505;_vsnprintf;302;302;491
757;757;505;_wrename;302;302;996
783;783;5;setNotInUse;5;5;32
671;671;505;fputc;302;302;674
686;686;505;fread;302;302;734
734;734;505;_vsnwprintf;302;302;964
716;716;5;_set_output_format;302;302;888
718;718;5;_set_printf_count_output;302;302;913
638;638;505;__mingw_snprintf;302;302;345
696;696;505;clearerr;302;302;808
710;710;505;_setmaxstdio;302;302;835
732;732;505;_snwprintf;302;302;962
682;682;505;getchar;302;302;708
683;683;5;getchar;302;302;709
676;676;505;_filbuf;302;302;687
796;796;5;_filbuf;786;786;0
619;619;505;fopen;302;302;260
797;797;5;fopen;786;786;0
782;782;5;setInUse;5;5;28
736;736;505;wscanf;302;302;966
670;670;505;fgets;302;302;673
691;691;2;fpos_t;302;302;787
688;688;505;fseek;302;302;739
673;673;505;gets;302;302;676
690;690;505;rewind;302;302;741
706;706;505;_fileno;302;302;830
738;738;505;fgetwc;302;302;968
749;749;505;_getws;302;302;988
603;603;2;off64_t;530;530;98
704;704;505;_fputchar;302;302;828
626;626;505;tmpnam;302;302;273
650;650;505;__msvcrt_fprintf;302;302;478
656;656;505;_snprintf;302;302;490
666;666;505;fscanf;302;302;666
739;739;505;fputwc;302;302;969
651;651;505;__msvcrt_printf;302;302;479
