1;128;787;692;786;0;302
2;128;727;726;302;944;302
3;128;788;645;786;0;302
4;128;789;677;786;0;302
5;128;685;684;302;717;302
6;128;681;680;302;701;302
7;128;790;667;786;0;302
8;128;791;714;786;0;302
9;128;776;779;10;7;5
10;128;792;712;786;0;302
11;128;724;723;302;932;302
12;128;679;678;302;693;302
13;128;775;778;10;3;5
14;128;793;618;786;0;302
15;128;794;711;786;0;302
16;128;795;713;786;0;302
17;128;683;682;302;709;302
18;128;796;676;786;0;302
19;128;797;619;786;0;302
20;150001029;5;287;5;6;29
21;165;5;287;5;13;29
22;150001029;5;287;5;37;29
23;165;5;287;5;56;29
24;150001029;5;287;5;83;29
25;150001029;5;287;5;56;29
26;165;5;287;5;6;29
27;165;5;287;5;83;29
28;150001029;5;287;5;67;29
29;165;5;287;5;67;29
30;150001029;5;287;5;13;29
31;165;5;287;5;37;29
32;150001029;302;454;302;983;306
33;153001029;302;138;302;1009;29
34;150001029;302;475;302;504;306
35;165;302;454;302;967;306
36;150001029;302;475;302;276;306
37;150001029;302;475;302;296;306
38;150001029;302;136;302;490;29
39;165;302;540;302;721;302
40;150001029;302;454;302;678;306
41;165;302;463;302;885;306
42;165;302;579;302;480;302
43;150001029;302;454;302;492;306
44;153001029;302;97;302;100;29
45;165;302;475;302;942;306
46;165;302;580;302;480;302
47;150001029;302;475;302;817;306
48;165;302;454;302;959;306
49;165;302;454;302;985;306
50;150001029;302;579;302;480;302
51;165;302;476;302;898;306
52;150001029;302;475;302;740;306
53;165;302;454;302;820;306
54;165;302;347;302;743;330
55;165;302;454;302;260;306
56;165;302;454;302;918;306
57;165;302;475;302;344;306
58;153001029;302;529;302;88;302
59;150001029;302;565;302;339;302
60;165;302;562;302;720;302
61;165;302;136;302;808;29
62;165;302;475;302;919;306
63;150001029;302;584;302;469;302
64;150001029;302;475;302;467;306
65;150001029;302;136;302;513;29
66;165;302;475;302;678;306
67;150001029;302;564;302;466;302
68;150001029;302;475;302;700;306
69;150001029;302;475;302;1019;306
70;150001029;302;475;302;808;306
71;165;302;535;302;458;302
72;150001029;302;136;302;942;29
73;165;302;475;302;965;306
74;165;302;535;302;505;302
75;150001029;302;136;302;1019;29
76;150001029;302;565;302;330;302
77;165;302;136;302;346;29
78;153001029;302;305;302;640;302
79;165;302;475;302;717;306
80;165;302;136;302;1034;29
81;165;302;565;302;348;302
82;153001029;302;138;302;652;29
83;165;302;539;302;713;302
84;165;302;136;302;826;29
85;150001029;302;454;302;793;306
86;165;302;475;302;454;306
87;165;302;136;302;868;29
88;150001029;302;475;302;960;306
89;165;302;475;302;1027;306
90;165;302;136;302;1041;29
91;165;302;136;302;454;29
92;150001029;302;454;302;967;306
93;150001029;302;351;302;595;330
94;150001029;302;136;302;741;29
95;150001029;302;136;302;969;29
96;165;302;318;302;595;312
97;165;302;136;302;507;29
98;150001029;302;593;302;911;302
99;165;302;475;302;830;306
100;150001029;302;454;302;687;306
101;150001029;302;582;302;469;302
102;165;302;136;302;994;29
103;150001029;302;579;302;485;302
104;165;302;564;302;343;302
105;150001029;302;562;302;719;302
106;150001029;302;136;302;885;29
107;153001029;302;305;302;199;302
108;150001029;302;442;302;252;324
109;150001029;302;535;302;457;302
110;165;302;454;302;831;306
111;150001029;302;323;302;743;312
112;150001029;302;475;302;687;306
113;165;302;318;302;280;312
114;165;302;475;302;963;306
115;150001029;302;535;302;976;302
116;150001029;302;475;302;831;306
117;165;302;136;302;740;29
118;150001029;302;475;302;709;306
119;150001029;302;573;302;311;302
120;150001029;302;454;302;481;306
121;150001029;302;136;302;674;29
122;150001029;302;475;302;792;306
123;150001029;302;454;302;995;306
124;150001029;302;454;302;1042;306
125;165;302;442;302;252;324
126;165;302;579;302;483;302
127;150001029;302;466;302;931;306
128;150001029;302;475;302;667;306
129;165;302;453;302;239;306
130;150001029;302;475;302;454;306
131;150001029;302;454;302;998;306
132;150001029;302;475;302;1035;306
133;165;302;475;302;734;306
134;150001029;302;454;302;920;306
135;165;302;136;302;491;29
136;165;302;535;302;481;302
137;165;302;475;302;1007;306
138;165;302;136;302;289;29
139;150001029;302;572;302;311;302
140;150001029;302;475;302;262;306
141;150001029;302;540;302;244;302
142;165;302;454;302;678;306
143;165;302;136;302;701;29
144;165;302;454;302;981;306
145;165;302;475;302;501;306
146;150001029;302;136;302;998;29
147;165;302;476;302;378;306
148;165;302;581;302;481;302
149;150001029;302;136;302;960;29
150;150001029;302;475;302;1042;306
151;150001029;302;535;302;481;302
152;150001029;302;566;302;465;302
153;150001029;302;476;302;378;306
154;150001029;302;136;302;646;29
155;165;302;535;302;964;302
156;165;302;136;302;967;29
157;150001029;302;454;302;991;306
158;150001029;302;475;302;988;306
159;150001029;302;475;302;676;306
160;150001029;302;136;302;1041;29
161;165;302;569;302;344;302
162;165;302;475;302;507;306
163;165;302;454;302;741;306
164;165;302;475;302;991;306
165;165;302;566;302;348;302
166;165;302;136;302;1040;29
167;150001029;302;454;302;831;306
168;150001029;302;136;302;831;29
169;165;302;136;302;668;29
170;150001029;302;136;302;980;29
171;165;302;535;302;491;302
172;150001029;302;475;302;921;306
173;165;302;454;302;997;306
174;150001029;302;476;302;898;306
175;165;302;136;302;273;29
176;165;302;454;302;290;306
177;150001029;302;454;302;820;306
178;165;302;535;302;508;302
179;150001029;302;136;302;271;29
180;165;302;454;302;272;306
181;165;302;475;302;996;306
182;150001029;302;136;302;975;29
183;153001029;302;169;302;1026;29
184;150001029;302;136;302;291;29
185;165;302;136;302;510;29
186;165;302;466;302;931;306
187;150001029;302;454;302;981;306
188;165;302;463;302;943;306
189;165;302;535;302;492;302
190;150001029;302;136;302;966;29
191;165;302;314;302;871;312
192;165;302;454;302;969;306
193;165;302;475;302;490;306
194;165;302;454;302;920;306
195;150001029;302;136;302;967;29
196;150001029;302;454;302;290;306
197;165;302;454;302;976;306
198;165;302;136;302;1019;29
199;165;302;454;302;687;306
200;165;302;136;302;678;29
201;165;302;475;302;935;306
202;165;302;136;302;272;29
203;150001029;302;475;302;959;306
204;150001029;302;454;302;676;306
205;150001029;302;454;302;989;306
206;165;302;535;302;348;302
207;150001029;302;475;302;507;306
208;150001029;302;136;302;991;29
209;165;302;454;302;808;306
210;150001029;302;136;302;798;29
211;150001029;302;136;302;821;29
212;150001029;302;535;302;964;302
213;165;302;564;302;348;302
214;150001029;302;323;302;871;312
215;165;302;136;302;344;29
216;165;302;136;302;692;29
217;150001029;302;454;302;262;306
218;165;302;136;302;958;29
219;165;302;475;302;708;306
220;165;302;580;302;479;302
221;165;302;475;302;346;306
222;165;302;465;302;888;306
223;150001029;302;454;302;980;306
224;150001029;302;136;302;734;29
225;150001029;302;580;302;472;302
226;150001029;302;454;302;960;306
227;150001029;302;475;302;981;306
228;150001029;302;454;302;261;306
229;165;302;136;302;985;29
230;150001029;302;475;302;278;306
231;165;302;454;302;276;306
232;165;302;454;302;826;306
233;165;302;454;302;962;306
234;165;302;136;302;969;29
235;165;302;136;302;996;29
236;165;302;454;302;668;306
237;165;302;406;302;743;330
238;165;302;136;302;963;29
239;150001029;302;454;302;454;306
240;150001029;302;454;302;490;306
241;150001029;302;475;302;965;306
242;165;302;454;302;809;306
243;150001029;302;535;302;491;302
244;150001029;302;454;302;826;306
245;165;302;475;302;276;306
246;165;302;136;302;278;29
247;165;302;581;302;479;302
248;153001029;302;481;302;1004;306
249;165;302;475;302;673;306
250;165;302;475;302;456;306
251;165;302;535;302;456;302
252;150001029;302;475;302;826;306
253;150001029;302;454;302;277;306
254;150001029;302;454;302;918;306
255;150001029;302;454;302;962;306
256;150001029;302;475;302;983;306
257;150001029;302;475;302;932;306
258;150001029;302;136;302;1043;29
259;165;302;475;302;701;306
260;165;302;454;302;453;306
261;165;302;454;302;482;306
262;165;302;475;302;944;306
263;165;302;475;302;992;306
264;165;302;561;302;712;302
265;150001029;302;475;302;1040;306
266;165;302;570;302;347;302
267;165;302;454;302;1032;306
268;150001029;302;454;302;1032;306
269;165;302;449;302;378;306
270;150001029;302;136;302;667;29
271;165;302;454;302;1033;306
272;165;302;475;302;961;306
273;165;302;475;302;998;306
274;150001029;302;454;302;740;306
275;165;302;584;302;480;302
276;165;302;475;302;296;306
277;150001029;302;406;302;519;330
278;165;302;564;302;346;302
279;165;302;454;302;270;306
280;165;302;136;302;859;29
281;165;302;540;302;719;302
282;150001029;302;475;302;646;306
283;150001029;302;136;302;860;29
284;165;302;136;302;1007;29
285;165;302;566;302;343;302
286;150001029;302;136;302;453;29
287;165;302;475;302;920;306
288;150001029;302;351;302;743;330
289;150001029;302;564;302;342;302
290;150001029;302;561;302;711;302
291;150001029;302;475;302;919;306
292;150001029;302;562;302;721;302
293;150001029;302;136;302;688;29
294;165;302;454;302;996;306
295;150001029;302;475;302;829;306
296;150001029;302;475;302;997;306
297;165;302;454;302;983;306
298;150001029;302;136;302;809;29
299;150001029;302;475;302;994;306
300;165;302;463;302;717;306
301;150001029;302;565;302;334;302
302;150001029;302;475;302;678;306
303;150001029;302;136;302;277;29
304;165;302;136;302;976;29
305;150001029;302;136;302;830;29
306;150001029;302;136;302;913;29
307;165;302;564;302;345;302
308;150001029;302;539;302;243;302
309;150001029;302;454;302;1033;306
310;165;302;565;302;345;302
311;150001029;302;136;302;672;29
312;150001029;302;475;302;835;306
313;150001029;302;136;302;829;29
314;165;302;475;302;480;306
315;165;302;454;302;740;306
316;165;302;475;302;960;306
317;165;302;475;302;1017;306
318;150001029;302;454;302;963;306
319;153001029;302;305;302;110;302
320;150001029;302;535;302;348;302
321;165;302;573;302;501;302
322;165;302;454;302;491;306
323;165;302;136;302;676;29
324;150001029;302;136;302;260;29
325;165;302;136;302;490;29
326;150001029;302;465;302;885;306
327;165;302;97;302;100;29
328;165;302;475;302;740;306
329;165;302;586;302;481;302
330;165;302;566;302;344;302
331;150001029;302;465;302;930;306
332;165;302;454;302;828;306
333;165;302;136;302;990;29
334;165;302;475;302;1041;306
335;150001029;302;475;302;918;306
336;165;302;479;302;71;306
337;165;302;475;302;1032;306
338;150001029;302;535;302;346;302
339;150001029;302;136;302;457;29
340;165;302;475;302;739;306
341;165;302;565;302;504;302
342;150001029;302;454;302;828;306
343;150001029;302;475;302;992;306
344;150001029;302;535;302;1016;302
345;165;302;475;302;295;306
346;150001029;302;475;302;967;306
347;150001029;302;593;302;914;302
348;150001029;302;136;302;678;29
349;165;302;475;302;262;306
350;150001029;302;561;302;712;302
351;150001029;302;136;302;981;29
352;150001029;302;475;302;984;306
353;165;302;136;302;263;29
354;150001029;302;475;302;991;306
355;165;302;571;302;346;302
356;165;302;475;302;693;306
357;150001029;302;475;302;735;306
358;150001029;302;136;302;808;29
359;165;302;406;302;595;330
360;165;302;136;302;1043;29
361;165;302;475;302;458;306
362;165;302;136;302;944;29
363;165;302;467;302;943;306
364;165;302;475;302;976;306
365;165;302;475;302;343;306
366;165;302;136;302;960;29
367;150001029;302;535;302;511;302
368;150001029;302;136;302;276;29
369;150001029;302;571;302;311;302
370;165;302;475;302;649;306
371;150001029;302;463;302;692;306
372;150001029;302;454;302;797;306
373;165;302;475;302;513;306
374;150001029;302;136;302;859;29
375;165;302;454;302;1041;306
376;150001029;302;136;302;708;29
377;165;302;136;302;935;29
378;165;302;454;302;817;306
379;150001029;302;475;302;455;306
380;150001029;302;475;302;1006;306
381;165;302;136;302;674;29
382;150001029;302;454;302;988;306
383;165;302;314;302;595;312
384;150001029;302;454;302;260;306
385;165;302;475;302;816;306
386;150001029;302;475;302;458;306
387;165;302;475;302;809;306
388;150001029;302;136;302;835;29
389;165;302;136;302;831;29
390;165;302;136;302;942;29
391;150001029;302;475;302;999;306
392;150001029;302;454;302;273;306
393;150001029;302;579;302;478;302
394;150001029;302;136;302;820;29
395;165;302;136;302;809;29
396;150001029;302;136;302;964;29
397;165;302;454;302;990;306
398;165;302;136;302;501;29
399;165;302;475;302;826;306
400;165;302;136;302;997;29
401;165;302;475;302;793;306
402;150001029;302;535;302;514;302
403;150001029;302;463;302;701;306
404;150001029;302;136;302;717;29
405;165;302;475;302;828;306
406;165;302;475;302;985;306
407;150001029;302;475;302;1033;306
408;165;302;475;302;994;306
409;150001029;302;475;302;272;306
410;150001029;302;454;302;817;306
411;150001029;302;574;302;311;302
412;150001029;302;475;302;701;306
413;150001029;302;463;302;716;306
414;150001029;302;585;302;469;302
415;165;302;475;302;289;306
416;165;302;136;302;646;29
417;165;302;573;302;345;302
418;165;302;454;302;964;306
419;165;302;475;302;969;306
420;165;302;565;302;343;302
421;150001029;302;475;302;798;306
422;150001029;302;454;302;455;306
423;150001029;302;454;302;999;306
424;165;302;463;302;700;306
425;150001029;302;136;302;1007;29
426;165;302;136;302;885;29
427;150001029;302;454;302;1035;306
428;150001029;302;581;302;467;302
429;150001029;302;136;302;740;29
430;150001029;302;136;302;984;29
431;153001029;302;305;302;254;302
432;150001029;302;454;302;482;306
433;165;302;136;302;482;29
434;165;302;136;302;348;29
435;150001029;302;454;302;491;306
436;165;302;539;302;711;302
437;165;302;475;302;348;306
438;165;302;136;302;457;29
439;165;302;449;302;898;306
440;150001029;302;535;302;492;302
441;150001029;302;465;302;943;306
442;150001029;302;454;302;921;306
443;165;302;136;302;919;29
444;165;302;136;302;970;29
445;150001029;302;475;302;930;306
446;165;302;475;302;835;306
447;165;302;475;302;272;306
448;150001029;302;136;302;262;29
449;150001029;302;136;302;492;29
450;165;302;136;302;708;29
451;153001029;302;305;302;37;302
452;150001029;302;564;302;344;302
453;150001029;302;475;302;830;306
454;150001029;302;136;302;295;29
455;165;302;454;302;1043;306
456;150001029;302;454;302;976;306
457;165;302;475;302;676;306
458;150001029;302;136;302;817;29
459;150001029;302;136;302;1035;29
460;165;302;566;302;346;302
461;165;302;454;302;797;306
462;165;302;443;302;1048;324
463;165;302;136;302;296;29
464;165;302;579;302;478;302
465;165;302;475;302;958;306
466;165;302;318;302;519;312
467;165;302;136;302;992;29
468;165;302;454;302;263;306
469;150001029;302;564;302;347;302
470;150001029;302;136;302;507;29
471;165;302;136;302;649;29
472;150001029;302;454;302;969;306
473;165;302;136;302;1006;29
474;165;302;565;302;349;302
475;165;302;475;302;967;306
476;165;302;475;302;453;306
477;165;302;475;302;1043;306
478;150001029;302;535;302;1007;302
479;150001029;302;136;302;278;29
480;150001029;302;136;302;701;29
481;150001029;302;475;302;692;306
482;165;302;475;302;1034;306
483;165;302;475;302;674;306
484;165;302;136;302;492;29
485;150001029;302;454;302;834;306
486;150001029;302;136;302;930;29
487;150001029;302;475;302;962;306
488;150001029;302;136;302;676;29
489;165;302;475;302;510;306
490;150001029;302;136;302;826;29
491;165;302;463;302;692;306
492;165;302;136;302;829;29
493;165;302;465;302;942;306
494;165;302;454;302;992;306
495;165;302;136;302;827;29
496;165;302;581;302;482;302
497;150001029;302;136;302;673;29
498;150001029;302;454;302;919;306
499;150001029;302;475;302;453;306
500;165;302;454;302;1027;306
501;150001029;302;454;302;965;306
502;165;302;136;302;981;29
503;150001029;302;136;302;666;29
504;165;302;475;302;798;306
505;150001029;302;565;302;333;302
506;165;302;454;302;455;306
507;165;302;314;302;280;312
508;165;302;136;302;735;29
509;165;302;136;302;962;29
510;165;302;475;302;997;306
511;165;302;475;302;260;306
512;165;302;97;302;307;29
513;150001029;302;136;302;827;29
514;150001029;302;454;302;830;306
515;150001029;302;475;302;290;306
516;165;302;475;302;667;306
517;165;302;347;302;595;330
518;165;302;579;302;481;302
519;165;302;136;302;1016;29
520;150001029;302;454;302;278;306
521;165;302;454;302;966;306
522;150001029;302;136;302;1016;29
523;165;302;136;302;260;29
524;150001029;302;454;302;271;306
525;165;302;475;302;345;306
526;150001029;302;136;302;935;29
527;150001029;302;574;302;504;302
528;165;302;454;302;999;306
529;150001029;302;475;302;968;306
530;165;302;136;302;983;29
531;165;302;463;302;913;306
532;150001029;302;564;302;349;302
533;165;302;475;302;271;306
534;165;302;565;302;342;302
535;150001029;302;136;302;993;29
536;150001029;302;454;302;479;306
537;165;302;136;302;455;29
538;165;302;323;302;595;312
539;150001029;302;535;302;508;302
540;150001029;302;587;302;469;302
541;150001029;302;475;302;821;306
542;165;302;136;302;913;29
543;150001029;302;136;302;273;29
544;165;302;475;302;646;306
545;150001029;302;475;302;491;306
546;150001029;302;453;302;239;306
547;165;302;136;302;261;29
548;150001029;302;535;302;483;302
549;165;302;454;302;457;306
550;165;302;454;302;676;306
551;165;302;475;302;687;306
552;165;302;454;302;960;306
553;165;302;136;302;1017;29
554;150001029;302;136;302;1033;29
555;165;302;136;302;290;29
556;165;302;454;302;289;306
557;165;302;136;302;965;29
558;150001029;302;406;302;743;330
559;165;302;454;302;792;306
560;165;302;535;302;1020;302
561;150001029;302;136;302;961;29
562;153001029;302;305;302;223;302
563;150001029;302;318;302;595;312
564;165;302;475;302;983;306
565;150001029;302;475;302;944;306
566;150001029;302;136;302;289;29
567;150001029;302;136;302;296;29
568;165;302;580;302;482;302
569;165;302;475;302;347;306
570;165;302;454;302;830;306
571;150001029;302;475;302;935;306
572;150001029;302;475;302;674;306
573;165;302;475;302;291;306
574;150001029;302;454;302;457;306
575;150001029;302;136;302;869;29
576;165;302;475;302;988;306
577;150001029;302;454;302;993;306
578;165;302;136;302;716;29
579;165;302;136;302;513;29
580;153001029;302;305;302;594;302
581;165;302;136;302;820;29
582;150001029;302;406;302;595;330
583;150001029;302;136;302;970;29
584;165;302;535;302;511;302
585;165;302;463;302;709;306
586;165;302;581;302;480;302
587;150001029;302;535;302;458;302
588;150001029;302;475;302;304;306
589;150001029;302;465;302;888;306
590;165;302;475;302;479;306
591;165;302;587;302;483;302
592;165;302;454;302;454;306
593;150001029;302;475;302;1043;306
594;150001029;302;454;302;478;306
595;150001029;302;454;302;996;306
596;150001029;302;475;302;261;306
597;165;302;454;302;677;306
598;150001029;302;318;302;519;312
599;150001029;302;475;302;828;306
600;165;302;561;302;713;302
601;150001029;302;475;302;793;306
602;150001029;302;475;302;1027;306
603;150001029;302;454;302;792;306
604;150001029;302;136;302;988;29
605;165;302;535;302;483;302
606;165;302;475;302;688;306
607;150001029;302;454;302;270;306
608;165;302;136;302;700;29
609;150001029;302;475;302;668;306
610;165;302;136;302;739;29
611;165;302;454;302;832;306
612;165;302;323;302;519;312
613;150001029;302;565;302;331;302
614;165;302;475;302;831;306
615;150001029;302;463;302;700;306
616;165;302;454;302;291;306
617;165;302;479;302;643;306
618;165;302;475;302;999;306
619;165;302;136;302;869;29
620;165;302;136;302;834;29
621;150001029;302;136;302;985;29
622;150001029;302;454;302;263;306
623;150001029;302;136;302;272;29
624;165;302;593;302;914;302
625;165;302;475;302;975;306
626;165;302;535;302;482;302
627;165;302;454;302;490;306
628;165;302;318;302;743;312
629;165;302;454;302;982;306
630;165;302;454;302;995;306
631;165;302;454;302;480;306
632;165;302;136;302;709;29
633;165;302;136;302;276;29
634;150001029;302;475;302;510;306
635;165;302;475;302;990;306
636;165;302;136;302;667;29
637;165;302;318;302;871;312
638;150001029;302;454;302;992;306
639;165;302;454;302;273;306
640;150001029;302;454;302;276;306
641;150001029;302;475;302;809;306
642;150001029;302;323;302;519;312
643;165;302;136;302;816;29
644;165;302;136;302;480;29
645;165;302;136;302;693;29
646;150001029;302;136;302;919;29
647;150001029;302;475;302;995;306
648;165;302;136;302;975;29
649;165;302;475;302;993;306
650;165;302;454;302;834;306
651;150001029;302;136;302;270;29
652;150001029;302;136;302;888;29
653;165;302;454;302;998;306
654;165;302;454;302;296;306
655;165;302;475;302;932;306
656;165;302;567;302;343;302
657;150001029;302;136;302;304;29
658;150001029;302;454;302;295;306
659;165;302;351;302;519;330
660;165;302;579;302;479;302
661;150001029;302;136;302;692;29
662;165;302;465;302;913;306
663;165;302;566;302;347;302
664;165;302;454;302;958;306
665;150001029;302;454;302;984;306
666;150001029;302;454;302;666;306
667;150001029;302;454;302;675;306
668;150001029;302;136;302;816;29
669;150001029;302;136;302;263;29
670;165;302;565;302;346;302
671;165;302;466;302;1005;306
672;165;302;475;302;821;306
673;165;302;463;302;942;306
674;150001029;302;136;302;995;29
675;150001029;302;565;302;340;302
676;150001029;302;136;302;990;29
677;165;302;454;302;262;306
678;165;302;565;302;347;302
679;165;302;136;302;966;29
680;150001029;302;569;302;311;302
681;150001029;302;566;302;304;302
682;165;302;136;302;688;29
683;150001029;302;475;302;1016;306
684;165;302;136;302;453;29
685;165;302;580;302;483;302
686;165;302;454;302;975;306
687;165;302;475;302;966;306
688;165;302;454;302;261;306
689;150001029;302;475;302;989;306
690;150001029;302;475;302;739;306
691;165;302;454;302;968;306
692;165;302;136;302;1032;29
693;165;302;475;302;1035;306
694;150001029;302;579;302;483;302
695;150001029;302;475;302;970;306
696;165;302;136;302;991;29
697;150001029;302;454;302;808;306
698;150001029;302;580;302;471;302
699;165;302;136;302;860;29
700;150001029;302;475;302;295;306
701;165;302;535;302;349;302
702;165;302;136;302;478;29
703;150001029;302;465;302;913;306
704;150001029;302;454;302;968;306
705;165;302;454;302;278;306
706;165;302;562;302;721;302
707;150001029;302;136;302;792;29
708;165;302;593;302;911;302
709;150001029;302;475;302;492;306
710;150001029;302;475;302;942;306
711;165;302;535;302;961;302
712;165;302;475;302;981;306
713;165;302;475;302;455;306
714;165;302;136;302;1033;29
715;150001029;302;136;302;491;29
716;150001029;302;475;302;980;306
717;150001029;302;454;302;1040;306
718;165;302;314;302;743;312
719;150001029;302;136;302;968;29
720;165;302;454;302;991;306
721;150001029;302;583;302;469;302
722;150001029;302;475;302;963;306
723;150001029;302;136;302;797;29
724;165;302;564;302;342;302
725;165;302;136;302;741;29
726;165;302;454;302;961;306
727;153001029;302;305;302;1025;302
728;165;302;475;302;716;306
729;165;302;475;302;491;306
730;165;302;454;302;821;306
731;165;302;136;302;798;29
732;165;302;566;302;349;302
733;165;302;454;302;980;306
734;165;302;136;302;343;29
735;150001029;302;475;302;1034;306
736;150001029;302;97;302;307;29
737;165;302;136;302;832;29
738;165;302;574;302;349;302
739;150001029;302;535;302;961;302
740;165;302;463;302;910;306
741;150001029;302;535;302;1020;302
742;150001029;302;136;302;958;29
743;150001029;302;136;302;677;29
744;150001029;302;318;302;871;312
745;150001029;302;454;302;1034;306
746;150001029;302;475;302;1041;306
747;150001029;302;475;302;982;306
748;165;302;475;302;984;306
749;165;302;454;302;271;306
750;165;302;136;302;959;29
751;165;302;406;302;519;330
752;165;302;475;302;918;306
753;150001029;302;475;302;717;306
754;150001029;302;454;302;739;306
755;150001029;302;475;302;827;306
756;150001029;302;454;302;480;306
757;150001029;302;463;302;709;306
758;165;302;475;302;700;306
759;165;302;454;302;1034;306
760;165;302;314;302;519;312
761;150001029;302;535;302;456;302
762;165;302;475;302;962;306
763;150001029;302;136;302;983;29
764;165;302;136;302;793;29
765;165;302;454;302;478;306
766;165;302;463;302;931;306
767;150001029;302;136;302;1006;29
768;165;302;475;302;482;306
769;165;302;565;302;501;302
770;165;302;561;302;711;302
771;150001029;302;454;302;821;306
772;150001029;302;475;302;672;306
773;150001029;302;136;302;959;29
774;165;302;566;302;342;302
775;150001029;302;475;302;501;306
776;165;302;475;302;921;306
777;165;302;465;302;930;306
778;165;302;475;302;995;306
779;150001029;302;562;302;720;302
780;150001029;302;570;302;311;302
781;150001029;302;564;302;343;302
782;153001029;302;455;302;231;306
783;165;302;136;302;999;29
784;150001029;302;475;302;920;306
785;165;302;454;302;735;306
786;150001029;302;136;302;735;29
787;165;302;136;302;672;29
788;150001029;302;475;302;816;306
789;165;302;454;302;674;306
790;150001029;302;136;302;504;29
791;165;302;454;302;993;306
792;165;302;475;302;1019;306
793;150001029;302;475;302;996;306
794;150001029;302;136;302;832;29
795;150001029;302;454;302;961;306
796;165;302;572;302;348;302
797;165;302;454;302;984;306
798;150001029;302;475;302;263;306
799;150001029;302;136;302;454;29
800;165;302;454;302;970;306
801;165;302;580;302;481;302
802;150001029;302;351;302;519;330
803;165;302;323;302;871;312
804;165;302;454;302;277;306
805;165;302;454;302;667;306
806;165;302;454;302;919;306
807;165;302;535;302;347;302
808;165;302;454;302;988;306
809;165;302;568;302;342;302
810;150001029;302;136;302;834;29
811;150001029;302;475;302;708;306
812;150001029;302;580;302;476;302
813;153001029;302;169;302;786;29
814;165;302;535;302;963;302
815;150001029;302;454;302;668;306
816;165;302;136;302;921;29
817;165;302;475;302;797;306
818;150001029;302;535;302;1018;302
819;150001029;302;475;302;490;306
820;150001029;302;136;302;921;29
821;150001029;302;454;302;990;306
822;150001029;302;136;302;992;29
823;150001029;302;535;302;963;302
824;153001029;302;169;302;79;29
825;165;302;136;302;270;29
826;165;302;136;302;271;29
827;150001029;302;136;302;290;29
828;150001029;302;579;302;481;302
829;150001029;302;580;302;474;302
830;150001029;302;136;302;668;29
831;150001029;302;479;302;643;306
832;150001029;302;454;302;673;306
833;150001029;302;580;302;473;302
834;150001029;302;454;302;832;306
835;165;302;136;302;968;29
836;150001029;302;136;302;997;29
837;165;302;136;302;995;29
838;165;302;454;302;963;306
839;165;302;136;302;677;29
840;150001029;302;318;302;743;312
841;165;302;136;302;910;29
842;150001029;302;454;302;982;306
843;165;302;136;302;277;29
844;165;302;475;302;829;306
845;150001029;302;466;302;1005;306
846;165;302;475;302;672;306
847;165;302;136;302;964;29
848;150001029;302;136;302;868;29
849;165;302;475;302;277;306
850;150001029;302;475;302;277;306
851;165;302;564;302;349;302
852;165;302;136;302;734;29
853;150001029;302;475;302;958;306
854;165;302;323;302;280;312
855;165;302;475;302;964;306
856;150001029;302;454;302;453;306
857;150001029;302;454;302;735;306
858;150001029;302;454;302;997;306
859;165;302;535;302;1007;302
860;165;302;454;302;827;306
861;150001029;302;475;302;1007;306
862;150001029;302;454;302;816;306
863;165;302;580;302;478;302
864;153001029;302;481;302;494;306
865;150001029;302;565;302;329;302
866;165;302;465;302;943;306
867;150001029;302;454;302;959;306
868;150001029;302;454;302;1041;306
869;165;302;475;302;1006;306
870;150001029;302;475;302;688;306
871;165;302;454;302;1040;306
872;165;302;475;302;930;306
873;165;302;475;302;457;306
874;165;302;454;302;739;306
875;150001029;302;475;302;961;306
876;165;302;136;302;988;29
877;165;302;475;302;735;306
878;150001029;302;475;302;270;306
879;165;302;136;302;993;29
880;150001029;302;475;302;964;306
881;165;302;454;302;994;306
882;153001029;302;305;302;143;302
883;150001029;302;467;302;943;306
884;165;302;454;302;481;306
885;150001029;302;136;302;510;29
886;165;302;136;302;930;29
887;150001029;302;475;302;998;306
888;165;302;579;302;482;302
889;165;302;535;302;1016;302
890;165;302;475;302;504;306
891;165;302;475;302;273;306
892;165;302;136;302;1027;29
893;165;302;136;302;342;29
894;165;302;475;302;483;306
895;165;302;454;302;295;306
896;150001029;302;579;302;479;302
897;165;302;454;302;666;306
898;165;302;454;302;673;306
899;150001029;302;136;302;716;29
900;165;302;475;302;834;306
901;150001029;302;136;302;994;29
902;150001029;302;565;302;332;302
903;165;302;136;302;830;29
904;165;302;136;302;673;29
905;165;302;454;302;989;306
906;150001029;302;475;302;797;306
907;165;302;562;302;719;302
908;150001029;302;475;302;1032;306
909;165;302;475;302;982;306
910;150001029;302;136;302;932;29
911;150001029;302;475;302;693;306
912;150001029;302;323;302;595;312
913;165;302;463;302;716;306
914;150001029;302;454;302;970;306
915;150001029;302;318;302;280;312
916;153001029;302;169;302;979;29
917;165;302;136;302;835;29
918;165;302;136;302;458;29
919;150001029;302;586;302;469;302
920;150001029;302;475;302;673;306
921;150001029;302;454;302;674;306
922;150001029;302;475;302;716;306
923;165;302;454;302;816;306
924;165;302;136;302;920;29
925;165;302;475;302;989;306
926;165;302;475;302;278;306
927;150001029;302;136;302;982;29
928;150001029;302;454;302;734;306
929;150001029;302;136;302;1034;29
930;165;302;136;302;347;29
931;150001029;302;136;302;965;29
932;150001029;302;454;302;958;306
933;150001029;302;463;302;717;306
934;150001029;302;475;302;271;306
935;150001029;302;475;302;677;306
936;165;302;136;302;481;29
937;165;302;136;302;666;29
938;165;302;539;302;712;302
939;150001029;302;465;302;910;306
940;150001029;302;136;302;976;29
941;165;302;566;302;345;302
942;150001029;302;454;302;667;306
943;165;302;475;302;677;306
944;165;302;565;302;344;302
945;150001029;302;564;302;345;302
946;165;302;475;302;666;306
947;150001029;302;454;302;456;306
948;165;302;564;302;344;302
949;165;302;454;302;829;306
950;153001029;302;527;302;88;302
951;165;302;475;302;959;306
952;165;302;475;302;481;306
953;150001029;302;567;302;311;302
954;150001029;302;136;302;709;29
955;165;302;454;302;688;306
956;165;302;475;302;263;306
957;150001029;302;535;302;347;302
958;150001029;302;475;302;834;306
959;150001029;302;454;302;964;306
960;165;302;465;302;910;306
961;150001029;302;136;302;1027;29
962;150001029;302;136;302;793;29
963;165;302;475;302;1040;306
964;165;302;475;302;970;306
965;150001029;302;136;302;456;29
966;150001029;302;136;302;501;29
967;150001029;302;454;302;741;306
968;165;302;351;302;743;330
969;165;302;574;302;504;302
970;150001029;302;561;302;713;302
971;165;302;136;302;932;29
972;150001029;302;475;302;260;306
973;165;302;463;302;930;306
974;165;302;463;302;693;306
975;150001029;302;136;302;1040;29
976;165;302;136;302;349;29
977;150001029;302;475;302;457;306
978;165;302;454;302;492;306
979;165;302;535;302;346;302
980;150001029;302;454;302;296;306
981;150001029;302;454;302;1043;306
982;150001029;302;136;302;999;29
983;150001029;302;475;302;666;306
984;150001029;302;580;302;475;302
985;150001029;302;136;302;687;29
986;150001029;302;136;302;944;29
987;165;302;475;302;827;306
988;165;302;475;302;692;306
989;150001029;302;475;302;734;306
990;150001029;302;454;302;291;306
991;165;302;475;302;675;306
992;150001029;302;454;302;809;306
993;150001029;302;465;302;942;306
994;150001029;302;475;302;985;306
995;150001029;302;475;302;993;306
996;165;302;454;302;1042;306
997;165;302;136;302;675;29
998;165;302;581;302;478;302
999;165;302;136;302;982;29
1000;150001029;302;454;302;827;306
1001;165;302;136;302;817;29
1002;150001029;302;97;302;100;29
1003;165;302;475;302;709;306
1004;165;302;535;302;960;302
1005;150001029;302;463;302;708;306
1006;150001029;302;136;302;455;29
1007;165;302;564;302;347;302
1008;150001029;302;535;302;505;302
1009;165;302;136;302;918;29
1010;150001029;302;535;302;482;302
1011;150001029;302;454;302;798;306
1012;150001029;302;475;302;741;306
1013;150001029;302;564;302;348;302
1014;165;302;136;302;998;29
1015;165;302;136;302;984;29
1016;165;302;454;302;458;306
1017;165;302;454;302;921;306
1018;150001029;302;454;302;985;306
1019;165;302;475;302;808;306
1020;150001029;302;475;302;966;306
1021;150001029;302;136;302;996;29
1022;165;302;136;302;687;29
1023;165;302;475;302;980;306
1024;150001029;302;475;302;820;306
1025;153001029;302;169;302;833;29
1026;165;302;454;302;483;306
1027;150001029;302;136;302;910;29
1028;150001029;302;136;302;963;29
1029;165;302;454;302;675;306
1030;165;302;475;302;342;306
1031;165;302;465;302;931;306
1032;165;302;475;302;290;306
1033;150001029;302;475;302;969;306
1034;165;302;136;302;456;29
1035;165;302;136;302;504;29
1036;150001029;302;136;302;1032;29
1037;165;302;454;302;672;306
1038;150001029;302;579;302;482;302
1039;165;302;136;302;262;29
1040;165;302;475;302;817;306
1041;165;302;454;302;793;306
1042;165;302;463;302;708;306
1043;165;302;136;302;797;29
1044;150001029;302;443;302;1048;324
1045;165;302;535;302;457;302
1046;165;302;582;302;479;302
1047;150001029;302;136;302;649;29
1048;165;302;475;302;478;306
1049;150001029;302;475;302;675;306
1050;165;302;475;302;832;306
1051;150001029;302;454;302;483;306
1052;165;302;351;302;595;330
1053;150001029;302;454;302;994;306
1054;165;302;475;302;792;306
1055;165;302;136;302;483;29
1056;165;302;463;302;701;306
1057;150001029;302;454;302;272;306
1058;150001029;302;136;302;962;29
1059;150001029;302;136;302;467;29
1060;165;302;347;302;519;330
1061;165;302;454;302;965;306
1062;165;302;475;302;1016;306
1063;150001029;302;136;302;739;29
1064;165;302;136;302;717;29
1065;153001029;302;169;302;929;29
1066;150001029;302;573;302;501;302
1067;150001029;302;136;302;1042;29
1068;150001029;302;475;302;289;306
1069;150001029;302;323;302;280;312
1070;165;302;535;302;976;302
1071;150001029;302;475;302;649;306
1072;150001029;302;136;302;1017;29
1073;165;302;454;302;1035;306
1074;165;302;475;302;349;306
1075;150001029;302;475;302;832;306
1076;165;302;540;302;720;302
1077;150001029;302;581;302;486;302
1078;150001029;302;475;302;975;306
1079;150001029;302;475;302;456;306
1080;165;302;475;302;1033;306
1081;165;302;535;302;514;302
1082;165;302;475;302;1042;306
1083;150001029;302;136;302;828;29
1084;165;302;583;302;478;302
1085;165;302;454;302;734;306
1086;165;302;136;302;888;29
1087;150001029;302;465;302;931;306
1088;150001029;302;454;302;677;306
1089;150001029;302;136;302;261;29
1090;150001029;302;454;302;835;306
1091;150001029;302;475;302;976;306
1092;165;302;475;302;968;306
1093;150001029;302;136;302;989;29
1094;150001029;302;136;302;700;29
1095;150001029;302;535;302;960;302
1096;150001029;302;454;302;1027;306
1097;150001029;302;136;302;458;29
1098;150001029;302;475;302;513;306
1099;150001029;302;454;302;672;306
1100;165;302;136;302;295;29
1101;150001029;302;463;302;693;306
1102;165;302;475;302;270;306
1103;165;302;136;302;980;29
1104;165;302;585;302;482;302
1105;165;302;323;302;743;312
1106;150001029;302;564;302;346;302
1107;150001029;302;454;302;289;306
1108;165;302;136;302;291;29
1109;165;302;454;302;798;306
1110;165;302;475;302;741;306
1111;150001029;302;136;302;918;29
1112;150001029;302;454;302;966;306
1113;150001029;302;136;302;675;29
1114;165;302;454;302;479;306
1115;165;302;535;302;1018;302
1116;165;302;475;302;261;306
1117;165;302;136;302;989;29
1118;150001029;302;475;302;1017;306
1119;165;302;475;302;492;306
1120;165;302;454;302;456;306
1121;165;302;136;302;828;29
1122;165;302;136;302;479;29
1123;165;302;463;302;888;306
1124;165;302;136;302;1035;29
1125;165;302;136;302;345;29
1126;150001029;302;479;302;71;306
1127;150001029;302;475;302;291;306
1128;150001029;302;475;302;273;306
1129;150001029;302;454;302;829;306
1130;165;302;136;302;821;29
1131;150001029;302;136;302;693;29
1132;150001029;302;454;302;688;306
1133;150001029;302;475;302;990;306
1134;165;302;465;302;885;306
1135;165;302;136;302;1042;29
1136;150001029;302;136;302;920;29
1137;150001029;302;535;302;349;302
1138;150001029;302;568;302;311;302
1139;165;302;475;302;820;306
1140;153001029;302;305;302;951;302
1141;165;302;475;302;668;306
1142;165;302;136;302;792;29
1143;165;302;136;302;961;29
1144;165;302;454;302;835;306
1145;150001029;302;454;302;975;306
1146;150001029;302;454;302;458;306
1147;165;302;581;302;483;302
1148;165;306;481;306;528;306
1149;150001029;306;97;306;285;29
1150;165;306;97;306;342;29
1151;150001029;306;97;306;54;29
1152;165;306;257;306;342;29
1153;165;306;97;306;359;29
1154;165;306;462;306;365;306
1155;165;306;97;306;54;29
1156;165;306;257;306;353;29
1157;165;306;257;306;365;29
1158;150001029;306;478;306;414;306
1159;150001029;306;192;306;496;29
1160;150001029;306;462;306;365;306
1161;150001029;306;481;306;528;306
1162;150001029;306;449;306;400;306
1163;153001029;306;280;306;221;29
1164;153001029;306;97;306;327;29
1165;153001029;306;97;306;220;29
1166;153001029;306;197;306;250;29
1167;150001029;306;257;306;285;29
1168;150001029;306;462;306;353;306
1169;165;306;462;306;353;306
1170;153001029;306;97;306;300;29
1171;165;306;257;306;359;29
1172;165;306;97;306;528;29
1173;150001029;306;97;306;284;29
1174;150001029;306;477;306;412;306
1175;165;306;235;306;293;29
1176;150001029;306;462;306;359;306
1177;150001029;306;463;306;307;306
1178;150001029;306;97;306;528;29
1179;153001029;306;136;306;247;29
1180;153001029;306;307;306;1;306
1181;165;306;477;306;414;306
1182;165;306;462;306;359;306
1183;153001029;306;97;306;282;29
1184;153001029;306;97;306;334;29
1185;165;306;97;306;353;29
1186;150001029;306;235;306;293;29
1187;165;306;97;306;365;29
1188;165;306;478;306;414;306
1189;153001029;306;257;306;282;29
1190;150001029;306;462;306;342;306
1191;165;306;192;306;496;29
1192;165;306;462;306;342;306
1193;150001029;312;314;312;68;312
1194;153001029;312;307;312;77;306
1195;150001029;330;347;330;185;330
1196;153001029;330;141;330;219;29
1197;153001029;330;409;330;233;330
1198;153001029;330;145;330;237;29
1199;150001029;487;203;487;328;29
1200;153001029;487;485;487;249;302
1201;153001029;487;486;487;350;302
1202;150001029;487;220;487;357;29
1203;165;487;220;487;357;29
1204;153001029;487;485;487;36;302
1205;165;487;156;487;216;29
1206;153001029;487;517;487;293;487
1207;153001029;487;483;487;400;302
1208;150001029;487;483;487;412;302
1209;153001029;487;156;487;212;29
1210;153001029;487;484;487;169;302
1211;150001029;487;517;487;294;487
1212;150001029;487;156;487;216;29
1213;150001029;487;486;487;359;302
1214;153001029;487;203;487;324;29
1215;153001029;487;483;487;30;302
1216;150001029;487;485;487;347;302
1217;153001029;487;484;487;29;302
1218;153001029;487;220;487;354;29
1219;153001029;487;485;487;29;302
1220;150001029;487;484;487;238;302
1221;153001029;487;486;487;38;302
1222;153001029;487;483;487;37;302
1223;153001029;487;486;487;31;302
1224;165;487;203;487;328;29
1225;153001029;487;484;487;108;302
1226;153001029;487;484;487;36;302
1227;153001029;487;485;487;112;302
1228;165;530;457;530;62;306
1229;165;530;456;530;91;306
1230;153001029;530;528;530;111;302
1231;150001029;530;479;530;69;306
1232;165;530;97;530;125;29
1233;153001029;530;527;530;58;302
1234;153001029;530;527;530;44;302
1235;165;530;479;530;69;306
1236;153001029;530;528;530;45;302
1237;150001029;530;97;530;77;29
1238;150001029;530;97;530;125;29
1239;150001029;530;457;530;62;306
1240;150001029;530;456;530;91;306
1241;150001029;530;528;530;132;302
1242;150001029;530;527;530;84;302
1243;165;530;97;530;101;29
1244;165;530;97;530;77;29
1245;153001029;530;529;530;87;302
1246;165;530;479;530;117;306
1247;150001029;530;479;530;117;306
1248;153001029;530;529;530;44;302
1249;150001029;530;97;530;101;29
1250;150001029;530;529;530;108;302
1251;150001029;533;532;533;34;302
1252;153001029;533;532;533;30;302
1253;101;5;302;5;3;302
1254;101;5;10;5;4;10
1255;101;10;302;10;1;302
1256;101;302;530;302;94;530
1257;101;302;533;302;102;533
1258;101;302;306;302;56;306
1259;101;302;487;302;69;487
1260;101;306;312;306;66;312
1261;101;306;324;306;73;324
1262;101;324;330;324;59;330
1263;101;530;306;530;38;306
1264;150002002;600;599;530;67;530
1265;150002002;601;600;530;75;530
1266;150002002;603;602;530;98;530
1267;150002002;605;604;530;123;530
1268;150002002;606;607;533;40;3
1269;150002002;608;609;302;220;302
1270;127;618;608;302;239;302
1271;169;618;609;302;239;302
1272;127;619;608;302;260;302
1273;127;620;608;302;261;302
1274;127;620;608;302;261;302
1275;127;621;608;302;262;302
1276;127;622;608;302;263;302
1277;127;625;608;302;272;302
1278;127;633;608;302;295;302
1279;127;633;596;302;295;487
1280;127;634;608;302;296;302
1281;127;635;608;302;342;302
1282;127;638;596;302;345;487
1283;127;638;596;302;345;487
1284;127;639;608;302;346;302
1285;127;639;607;302;346;3
1286;127;640;607;302;347;3
1287;127;641;607;302;348;3
1288;127;642;596;302;349;487
1289;127;642;596;302;349;487
1290;127;642;607;302;349;3
1291;127;644;608;302;453;302
1292;127;647;608;302;456;302
1293;127;647;607;302;456;3
1294;127;648;607;302;457;3
1295;127;649;607;302;458;3
1296;127;650;608;302;478;302
1297;127;653;608;302;481;302
1298;127;653;607;302;481;3
1299;127;654;607;302;482;3
1300;127;655;607;302;483;3
1301;127;656;596;302;490;487
1302;127;656;596;302;490;487
1303;127;657;596;302;491;487
1304;127;657;596;302;491;487
1305;127;657;607;302;491;3
1306;127;658;607;302;492;3
1307;127;659;596;302;502;487
1308;127;659;596;302;502;487
1309;127;660;596;302;505;487
1310;127;660;596;302;505;487
1311;127;660;607;302;505;3
1312;127;661;607;302;508;3
1313;127;662;608;302;511;302
1314;127;662;607;302;511;3
1315;127;663;607;302;514;3
1316;127;664;605;302;647;530
1317;127;664;596;302;647;487
1318;127;664;608;302;647;302
1319;127;664;605;302;646;530
1320;127;665;605;302;650;530
1321;127;665;596;302;650;487
1322;127;665;608;302;650;302
1323;127;665;605;302;649;530
1324;127;666;608;302;666;302
1325;127;669;608;302;672;302
1326;127;670;608;302;673;302
1327;127;671;608;302;674;302
1328;127;672;608;302;675;302
1329;127;675;608;302;678;302
1330;127;676;608;302;687;302
1331;127;677;608;302;688;302
1332;127;678;608;302;692;302
1333;154005047;679;610;302;696;302
1334;127;679;676;302;697;302
1335;151005005;679;796;302;697;786
1336;150005002;679;608;302;693;302
1337;153005047;679;611;302;695;302
1338;154005047;679;611;302;695;302
1339;153005047;679;610;302;696;302
1340;127;680;608;302;700;302
1341;154005047;681;610;302;704;302
1342;127;681;677;302;705;302
1343;151005005;681;789;302;705;786
1344;150005002;681;608;302;701;302
1345;153005047;681;611;302;703;302
1346;154005047;681;611;302;703;302
1347;153005047;681;610;302;704;302
1348;127;683;676;302;713;302
1349;151005005;683;796;302;713;786
1350;127;683;618;302;713;302
1351;150005003;683;793;302;713;786
1352;127;683;618;302;712;302
1353;150005003;683;793;302;712;786
1354;153005047;683;610;302;712;302
1355;127;683;618;302;712;302
1356;150005003;683;793;302;712;786
1357;154005047;683;610;302;712;302
1358;127;683;618;302;711;302
1359;150005003;683;793;302;711;786
1360;153005047;683;611;302;711;302
1361;127;683;618;302;711;302
1362;150005003;683;793;302;711;786
1363;154005047;683;611;302;711;302
1364;127;685;677;302;721;302
1365;151005005;685;789;302;721;786
1366;127;685;618;302;721;302
1367;150005003;685;793;302;721;786
1368;127;685;618;302;720;302
1369;150005003;685;793;302;720;786
1370;153005047;685;610;302;720;302
1371;127;685;618;302;720;302
1372;150005003;685;793;302;720;786
1373;154005047;685;610;302;720;302
1374;127;685;618;302;719;302
1375;150005003;685;793;302;719;786
1376;153005047;685;611;302;719;302
1377;127;685;618;302;719;302
1378;150005003;685;793;302;719;786
1379;154005047;685;611;302;719;302
1380;127;686;608;302;734;302
1381;127;686;596;302;734;487
1382;127;686;596;302;734;487
1383;127;686;596;302;734;487
1384;127;686;596;302;734;487
1385;127;687;608;302;735;302
1386;127;687;596;302;735;487
1387;127;687;596;302;735;487
1388;127;687;596;302;735;487
1389;127;687;596;302;735;487
1390;127;688;608;302;739;302
1391;127;689;608;302;740;302
1392;127;690;608;302;741;302
1393;127;692;608;302;792;302
1394;127;692;691;302;792;302
1395;127;693;608;302;793;302
1396;127;693;691;302;793;302
1397;127;694;608;302;797;302
1398;127;695;608;302;798;302
1399;127;696;608;302;808;302
1400;127;698;608;302;816;302
1401;127;699;608;302;817;302
1402;127;700;608;302;820;302
1403;127;701;608;302;821;302
1404;127;705;608;302;829;302
1405;127;706;608;302;830;302
1406;127;708;608;302;832;302
1407;127;715;711;302;886;302
1408;151005005;715;794;302;886;786
1409;127;716;712;302;889;302
1410;151005005;716;792;302;889;786
1411;127;717;713;302;911;302
1412;151005005;717;795;302;911;786
1413;127;718;714;302;914;302
1414;151005005;718;791;302;914;786
1415;127;721;608;302;920;302
1416;127;722;608;302;921;302
1417;127;723;608;302;930;302
1418;150005002;724;608;302;932;302
1419;127;724;619;302;933;302
1420;151005005;724;797;302;933;786
1421;127;725;608;302;935;302
1422;127;725;602;302;935;530
1423;127;726;602;302;942;530
1424;127;726;608;302;942;302
1425;127;727;692;302;945;302
1426;151005005;727;787;302;945;786
1427;150005002;727;602;302;945;530
1428;150005002;727;602;302;944;530
1429;150005002;727;608;302;944;302
1430;150005002;727;602;302;944;530
1431;150005002;727;691;302;945;302
1432;127;728;608;302;958;302
1433;127;728;597;302;958;487
1434;127;729;597;302;959;487
1435;127;730;608;302;960;302
1436;127;730;597;302;960;487
1437;127;730;607;302;960;3
1438;127;731;597;302;961;487
1439;127;731;607;302;961;3
1440;127;732;597;302;962;487
1441;127;732;596;302;962;487
1442;127;732;596;302;962;487
1443;127;732;597;302;962;487
1444;127;733;597;302;963;487
1445;127;733;607;302;963;3
1446;127;734;607;302;964;3
1447;127;734;597;302;964;487
1448;127;734;596;302;964;487
1449;127;734;596;302;964;487
1450;127;734;597;302;964;487
1451;127;735;608;302;965;302
1452;127;735;597;302;965;487
1453;127;736;597;302;966;487
1454;127;737;597;302;967;487
1455;127;737;597;302;967;487
1456;127;738;598;302;968;487
1457;127;738;608;302;968;302
1458;127;739;598;302;969;487
1459;127;739;597;302;969;487
1460;127;739;597;302;969;487
1461;127;739;608;302;969;302
1462;127;740;598;302;970;487
1463;127;740;597;302;970;487
1464;127;740;597;302;970;487
1465;127;740;608;302;970;302
1466;127;741;597;302;975;487
1467;127;741;597;302;975;487
1468;127;742;597;302;976;487
1469;127;742;597;302;976;487
1470;127;742;607;302;976;3
1471;127;743;597;302;980;487
1472;127;743;608;302;980;302
1473;127;743;597;302;980;487
1474;127;744;597;302;981;487
1475;127;744;608;302;981;302
1476;127;745;598;302;982;487
1477;127;745;608;302;982;302
1478;127;746;598;302;983;487
1479;127;747;598;302;984;487
1480;127;747;598;302;984;487
1481;127;747;598;302;984;487
1482;127;747;608;302;984;302
1483;127;748;598;302;985;487
1484;127;748;598;302;985;487
1485;127;749;597;302;988;487
1486;127;749;597;302;988;487
1487;127;750;597;302;989;487
1488;127;751;597;302;990;487
1489;127;751;608;302;990;302
1490;127;752;597;302;991;487
1491;127;752;597;302;991;487
1492;127;752;608;302;991;302
1493;127;753;597;302;992;487
1494;127;753;597;302;992;487
1495;127;753;608;302;992;302
1496;127;753;608;302;992;302
1497;127;754;597;302;993;487
1498;127;754;597;302;993;487
1499;127;754;608;302;993;302
1500;127;755;597;302;994;487
1501;127;755;597;302;994;487
1502;127;756;597;302;995;487
1503;127;756;597;302;995;487
1504;127;756;597;302;995;487
1505;127;757;597;302;996;487
1506;127;757;597;302;996;487
1507;127;758;597;302;997;487
1508;127;759;597;302;998;487
1509;127;760;597;302;999;487
1510;127;760;597;302;999;487
1511;127;760;608;302;999;302
1512;127;761;597;302;1006;487
1513;127;761;596;302;1006;487
1514;127;761;596;302;1006;487
1515;127;761;597;302;1006;487
1516;127;762;607;302;1007;3
1517;127;762;597;302;1007;487
1518;127;762;596;302;1007;487
1519;127;762;596;302;1007;487
1520;127;762;597;302;1007;487
1521;127;763;597;302;1016;487
1522;127;763;607;302;1016;3
1523;127;764;608;302;1018;302
1524;127;764;597;302;1018;487
1525;127;764;607;302;1018;3
1526;127;765;597;302;1020;487
1527;127;765;597;302;1020;487
1528;127;765;607;302;1020;3
1529;127;766;597;302;1027;487
1530;127;766;597;302;1027;487
1531;127;766;608;302;1027;302
1532;127;767;598;302;1032;487
1533;127;768;598;302;1033;487
1534;127;768;598;302;1033;487
1535;127;769;608;302;1034;302
1536;127;770;608;302;1035;302
1537;127;771;598;302;1040;487
1538;127;772;598;302;1041;487
1539;127;772;598;302;1041;487
1540;127;773;608;302;1042;302
1541;127;774;608;302;1043;302
1542;127;775;667;10;4;302
1543;151005005;775;790;10;4;786
1544;127;776;667;10;10;302
1545;151005005;776;790;10;10;786
1546;154005003;780;777;5;14;5
1547;153005003;781;777;5;20;5
1548;154005003;782;777;5;29;5
1549;154005003;783;777;5;33;5
1550;127;785;645;5;102;302
1551;151005005;785;788;5;102;786
1552;127;785;645;5;105;302
1553;151005005;785;788;5;105;786
1554;127;785;645;5;88;302
1555;151005005;785;788;5;88;786
1556;127;785;645;5;91;302
1557;151005005;785;788;5;91;786
1558;127;785;645;5;95;302
1559;151005005;785;788;5;95;786
1560;127;785;645;5;99;302
1561;151005005;785;788;5;99;786
1562;151005005;785;776;5;84;10
1563;151005005;785;784;5;85;5
1564;151005005;785;781;5;86;5
1565;151005005;785;783;5;87;5
1566;151005005;785;782;5;74;5
1567;127;785;645;5;75;302
1568;151005005;785;788;5;75;786
1569;127;785;645;5;79;302
1570;151005005;785;788;5;79;786
1571;127;785;645;5;83;302
1572;151005005;785;788;5;83;786
1573;151005005;785;776;5;68;10
1574;151005005;785;784;5;69;5
1575;151005005;785;781;5;70;5
1576;127;785;645;5;71;302
1577;151005005;785;788;5;71;786
1578;151005005;785;781;5;57;5
1579;127;785;645;5;59;302
1580;151005005;785;788;5;59;786
1581;127;785;645;5;62;302
1582;151005005;785;788;5;62;786
1583;127;785;645;5;67;302
1584;151005005;785;788;5;67;786
1585;151005005;785;780;5;46;5
1586;127;785;645;5;48;302
1587;151005005;785;788;5;48;786
1588;151005005;785;775;5;51;10
1589;127;785;645;5;54;302
1590;151005005;785;788;5;54;786
